1682481230.30911
1682481230.33911
1682481230.36911
1682481230.39911
1682481230.42911
1682481230.45911
1682481230.48911
1682481230.51911
1682481230.54911
1682481230.57911
1682481230.60911
1682481230.63911
1682481230.66911
1682481230.69911
1682481230.72911
1682481230.75911
1682481230.78911
1682481230.81911
1682481230.84911
1682481230.87911
1682481230.90911
1682481230.93911
1682481230.96911
1682481230.99911
1682481231.02911
1682481231.05911
1682481231.08911
1682481231.11911
1682481231.14911
1682481231.17911
1682481231.20911
1682481231.23911
1682481231.26911
1682481231.29911
1682481231.32911
1682481231.35911
1682481231.38911
1682481231.41911
1682481231.44911
1682481231.47911
1682481231.50911
1682481231.53911
1682481231.56911
1682481231.59911
1682481231.62911
1682481231.65911
1682481231.68911
1682481231.71911
1682481231.74911
1682481231.77911
1682481231.80911
1682481231.83911
1682481231.86911
1682481231.89911
1682481231.92911
1682481231.95911
1682481231.98911
1682481232.01911
1682481232.04911
1682481232.07911
1682481232.10911
1682481232.13911
1682481232.16911
1682481232.19911
1682481232.22911
1682481232.25911
1682481232.2891
1682481232.3191
1682481232.3491
1682481232.3791
1682481232.4091
1682481232.4391
1682481232.4691
1682481232.4991
1682481232.5291
1682481232.5591
1682481232.5891
1682481232.6191
1682481232.6491
1682481232.6791
1682481232.7091
1682481232.7391
1682481232.7691
1682481232.7991
1682481232.8291
1682481232.8591
1682481232.8891
1682481232.9191
1682481232.9491
1682481232.9791
1682481233.0091
1682481233.0391
1682481233.0691
1682481233.0991
1682481233.1291
1682481233.1591
1682481233.1891
1682481233.2191
1682481233.2491
1682481233.2791
1682481233.3091
1682481233.3391
1682481233.3691
1682481233.3991
1682481233.4291
1682481233.4591
1682481233.4891
1682481233.5191
1682481233.5491
1682481233.5791
1682481233.6091
1682481233.6391
1682481233.6691
1682481233.6991
1682481233.7291
1682481233.7591
1682481233.7891
1682481233.8191
1682481233.8491
1682481233.8791
1682481233.9091
1682481233.9391
1682481233.9691
1682481233.9991
1682481234.0291
1682481234.0591
1682481234.0891
1682481234.1191
1682481234.1491
1682481234.1791
1682481234.2091
1682481234.2391
1682481234.2691
1682481234.2991
1682481234.3291
1682481234.3591
1682481234.3891
1682481234.4191
1682481234.4491
1682481234.4791
1682481234.5091
1682481234.5391
1682481234.5691
1682481234.5991
1682481234.6291
1682481234.6591
1682481234.6891
1682481234.7191
1682481234.7491
1682481234.7791
1682481234.8091
1682481234.8391
1682481234.8691
1682481234.8991
1682481234.9291
1682481234.9591
1682481234.9891
1682481235.0191
1682481235.0491
1682481235.0791
1682481235.1091
1682481235.1391
1682481235.1691
1682481235.1991
1682481235.2291
1682481235.2591
1682481235.2891
1682481235.3191
1682481235.3491
1682481235.3791
1682481235.4091
1682481235.4391
1682481235.4691
1682481235.4991
1682481235.5291
1682481235.5591
1682481235.5891
1682481235.6191
1682481235.6491
1682481235.6791
1682481235.7091
1682481235.7391
1682481235.7691
1682481235.7991
1682481235.8291
1682481235.8591
1682481235.8891
1682481235.9191
1682481235.9491
1682481235.9791
1682481236.0091
1682481236.0391
1682481236.0691
1682481236.0991
1682481236.1291
1682481236.1591
1682481236.1891
1682481236.2191
1682481236.2491
1682481236.2791
1682481236.3091
1682481236.3391
1682481236.3691
1682481236.3991
1682481236.4291
1682481236.4591
1682481236.4891
1682481236.5191
1682481236.5491
1682481236.5791
1682481236.6091
1682481236.6391
1682481236.6691
1682481236.6991
1682481236.7291
1682481236.7591
1682481236.7891
1682481236.8191
1682481236.8491
1682481236.8791
1682481236.9091
1682481236.9391
1682481236.9691
1682481236.9991
1682481237.0291
1682481237.0591
1682481237.0891
1682481237.1191
1682481237.1491
1682481237.1791
1682481237.2091
1682481237.2391
1682481237.2691
1682481237.2991
1682481237.3291
1682481237.3591
1682481237.3891
1682481237.4191
1682481237.4491
1682481237.4791
1682481237.5091
1682481237.5391
1682481237.5691
1682481237.5991
1682481237.6291
1682481237.6591
1682481237.6891
1682481237.7191
1682481237.7491
1682481237.7791
1682481237.8091
1682481237.8391
1682481237.8691
1682481237.8991
1682481237.9291
1682481237.9591
1682481237.9891
1682481238.0191
1682481238.0491
1682481238.0791
1682481238.1091
1682481238.1391
1682481238.1691
1682481238.1991
1682481238.2291
1682481238.2591
1682481238.2891
1682481238.3191
1682481238.3491
1682481238.3791
1682481238.4091
1682481238.4391
1682481238.4691
1682481238.4991
1682481238.5291
1682481238.5591
1682481238.5891
1682481238.6191
1682481238.6491
1682481238.6791
1682481238.7091
1682481238.7391
1682481238.7691
1682481238.7991
1682481238.8291
1682481238.8591
1682481238.8891
1682481238.9191
1682481238.9491
1682481238.9791
1682481239.0091
1682481239.0391
1682481239.0691
1682481239.0991
1682481239.1291
1682481239.1591
1682481239.1891
1682481239.2191
1682481239.2491
1682481239.2791
1682481239.3091
1682481239.3391
1682481239.3691
1682481239.3991
1682481239.4291
1682481239.4591
1682481239.4891
1682481239.5191
1682481239.5491
1682481239.5791
1682481239.6091
1682481239.6391
1682481239.6691
1682481239.6991
1682481239.7291
1682481239.7591
1682481239.7891
1682481239.8191
1682481239.8491
1682481239.8791
1682481239.9091
1682481239.9391
1682481239.9691
1682481239.9991
1682481240.0291
1682481240.0591
1682481240.0891
1682481240.1191
1682481240.1491
1682481240.1791
1682481240.2091
1682481240.2391
1682481240.2691
1682481240.2991
1682481240.3291
1682481240.3591
1682481240.3891
1682481240.4191
1682481240.4491
1682481240.4791
1682481240.5091
1682481240.5391
1682481240.5691
1682481240.5991
1682481240.6291
1682481240.6591
1682481240.6891
1682481240.7191
1682481240.7491
1682481240.7791
1682481240.8091
1682481240.8391
1682481240.8691
1682481240.8991
1682481240.9291
1682481240.9591
1682481240.9891
1682481241.0191
1682481241.0491
1682481241.0791
1682481241.1091
1682481241.1391
1682481241.1691
1682481241.1991
1682481241.2291
1682481241.2591
1682481241.2891
1682481241.3191
1682481241.3491
1682481241.3791
1682481241.4091
1682481241.4391
1682481241.4691
1682481241.4991
1682481241.5291
1682481241.5591
1682481241.5891
1682481241.6191
1682481241.6491
1682481241.6791
1682481241.7091
1682481241.7391
1682481241.7691
1682481241.7991
1682481241.8291
1682481241.8591
1682481241.8891
1682481241.9191
1682481241.9491
1682481241.9791
1682481242.0091
1682481242.0391
1682481242.0691
1682481242.0991
1682481242.1291
1682481242.1591
1682481242.1891
1682481242.2191
1682481242.2491
1682481242.2791
1682481242.3091
1682481242.3391
1682481242.3691
1682481242.3991
1682481242.4291
1682481242.4591
1682481242.4891
1682481242.5191
1682481242.5491
1682481242.5791
1682481242.6091
1682481242.6391
1682481242.6691
1682481242.6991
1682481242.7291
1682481242.7591
1682481242.78909
1682481242.81909
1682481242.84909
1682481242.87909
1682481242.90909
1682481242.93909
1682481242.96909
1682481242.99909
1682481243.02909
1682481243.05909
1682481243.08909
1682481243.11909
1682481243.14909
1682481243.17909
1682481243.20909
1682481243.23909
1682481243.26909
1682481243.29909
1682481243.32909
1682481243.35909
1682481243.38909
1682481243.41909
1682481243.44909
1682481243.47909
1682481243.50909
1682481243.53909
1682481243.56909
1682481243.59909
1682481243.62909
1682481243.65909
1682481243.68909
1682481243.71909
1682481243.74909
1682481243.77909
1682481243.80909
1682481243.83909
1682481243.86909
1682481243.89909
1682481243.92909
1682481243.95909
1682481243.98909
1682481244.01909
1682481244.04909
1682481244.07909
1682481244.10909
1682481244.13909
1682481244.16909
1682481244.19909
1682481244.22909
1682481244.25909
1682481244.28909
1682481244.31909
1682481244.34909
1682481244.37909
1682481244.40909
1682481244.43909
1682481244.46909
1682481244.49909
1682481244.52909
1682481244.55909
1682481244.58909
1682481244.61909
1682481244.64909
1682481244.67909
1682481244.70909
1682481244.73909
1682481244.76909
1682481244.79909
1682481244.82909
1682481244.85909
1682481244.88909
1682481244.91909
1682481244.94909
1682481244.97909
1682481245.00909
1682481245.03909
1682481245.06909
1682481245.09909
1682481245.12909
1682481245.15909
1682481245.18909
1682481245.21909
1682481245.24909
1682481245.27909
1682481245.30909
1682481245.33909
1682481245.36909
1682481245.39909
1682481245.42909
1682481245.45909
1682481245.48909
1682481245.51909
1682481245.54909
1682481245.57909
1682481245.60909
1682481245.63909
1682481245.66909
1682481245.69909
1682481245.72909
1682481245.75909
1682481245.78909
1682481245.81909
1682481245.84909
1682481245.87909
1682481245.90909
1682481245.93909
1682481245.96909
1682481245.99909
1682481246.02909
1682481246.05909
1682481246.08909
1682481246.11909
1682481246.14909
1682481246.17909
1682481246.20909
1682481246.23909
1682481246.26909
1682481246.29909
1682481246.32909
1682481246.35909
1682481246.38909
1682481246.41909
1682481246.44909
1682481246.47909
1682481246.50909
1682481246.53909
1682481246.56909
1682481246.59909
1682481246.62909
1682481246.65909
1682481246.68909
1682481246.71909
1682481246.74909
1682481246.77909
1682481246.80909
1682481246.83909
1682481246.86909
1682481246.89909
1682481246.92909
1682481246.95909
1682481246.98909
1682481247.01909
1682481247.04909
1682481247.07909
1682481247.10909
1682481247.13909
1682481247.16909
1682481247.19909
1682481247.22909
1682481247.25909
1682481247.28909
1682481247.31909
1682481247.34909
1682481247.37909
1682481247.40909
1682481247.43909
1682481247.46909
1682481247.49909
1682481247.52909
1682481247.55909
1682481247.58909
1682481247.61909
1682481247.64909
1682481247.67909
1682481247.70909
1682481247.73909
1682481247.76909
1682481247.79909
1682481247.82909
1682481247.85909
