771812250517066
771812283849357
771812317181649
771812350513993
771812383846284
771812417178576
771812450510920
771812483843211
771812517175503
771812550507847
771812583840139
771812617172430
771812650504774
771812683837066
771812717169357
771812750501649
771812783833993
771812817166284
771812850498576
771812883830920
771812917163211
771812950495503
771812983827847
771813017160139
771813050492430
771813083824722
771813117157066
771813150489357
771813183821649
771813217153993
771813250486284
771813283818576
771813317150920
771813350483211
771813383815503
771813417147847
771813450480139
771813483812430
771813517144722
771813550477066
771813583809357
771813617141649
771813650473993
771813683806284
771813717138576
771813750470920
771813783803211
771813817135503
771813850467847
771813883800139
771813917132430
771813950464722
771813983797066
771814017129357
771814050461649
771814083793993
771814117126284
771814150458576
771814183790920
771814217123211
771814250455503
771814283787847
771814317120139
771814350452430
771814383784774
771814417117066
771814450449357
771814483781649
771814517113993
771814550446284
771814583778576
771814617110920
771814650443211
771814683775503
771814717107847
771814750440139
771814783772430
771814817104722
771814850437066
771814883769357
771814917101649
771814950433993
771814983766284
771815017098576
771815050430920
771815083763211
771815117095503
771815150427847
771815183760139
771815217092430
771815250424722
771815283757066
771815317089357
771815350421649
771815383753993
771815417086284
771815450418576
771815483750920
771815517083211
771815550415503
771815583747847
771815617080139
771815650412430
771815683744722
771815717077066
771815750409357
771815783741649
771815817073993
771815850406284
771815883738576
771815917070920
771815950403211
771815983735503
771816017067847
771816050400139
771816083732430
771816117064722
771816150397066
771816183729357
771816217061649
771816250393993
771816283726284
771816317058576
771816350390920
771816383723211
771816417055503
771816450387847
771816483720139
771816517052430
771816550384722
771816583717066
771816617049357
771816650381649
771816683713993
771816717046284
771816750378576
771816783710920
771816817043211
771816850375503
771816883707847
771816917040139
771816950372430
771816983704722
771817017037066
771817050369357
771817083701649
771817117033993
771817150366284
771817183698576
771817217030920
771817250363211
771817283695503
771817317027847
771817350360139
771817383692430
771817417024722
771817450357066
771817483689357
771817517021649
771817550353993
771817583686284
771817617018576
771817650350920
771817683683211
771817717015503
771817750347847
771817783680139
771817817012430
771817850344722
771817883677066
771817917009357
771817950341649
771817983673993
771818017006284
771818050338576
771818083670920
771818117003211
771818150335503
771818183667847
771818217000139
771818250332430
771818283664722
771818316997066
771818350329357
771818383661649
771818416993993
771818450326284
771818483658576
771818516990920
771818550323211
771818583655503
771818616987847
771818650320139
771818683652430
771818716984722
771818750317066
771818783649357
771818816981649
771818850313993
771818883646284
771818916978576
771818950310920
771818983643211
771819016975503
771819050307847
771819083640139
771819116972430
771819150304722
771819183637066
771819216969357
771819250301649
771819283633993
771819316966284
771819350298576
771819383630920
771819416963211
771819450295503
771819483627847
771819516960139
771819550292430
771819583624722
771819616957066
771819650289357
771819683621649
771819716953993
771819750286284
771819783618576
771819816950920
771819850283211
771819883615503
771819916947847
771819950280139
771819983612430
771820016944722
771820050277066
771820083609357
771820116941649
771820150273993
771820183606284
771820216938576
771820250270920
771820283603211
771820316935503
771820350267847
771820383600139
771820416932430
771820450264722
771820483597066
771820516929357
771820550261649
771820583593993
771820616926284
771820650258576
771820683590920
771820716923211
771820750255503
771820783587847
771820816920139
771820850252430
771820883584774
771820916917066
771820950249357
771820983581649
771821016913993
771821050246284
771821083578576
771821116910920
771821150243211
771821183575503
771821216907847
771821250240139
771821283572430
771821316904722
771821350237066
771821383569357
771821416901649
771821450233993
771821483566284
771821516898576
771821550230920
771821583563211
771821616895503
771821650227847
771821683560139
771821716892430
771821750224722
771821783557066
771821816889357
771821850221649
771821883553993
771821916886284
771821950218576
771821983550920
771822016883211
771822050215503
771822083547847
771822116880139
771822150212430
771822183544722
771822216877066
771822250209357
771822283541649
771822316873993
771822350206284
771822383538576
771822416870920
771822450203211
771822483535503
771822516867847
771822550200139
771822583532430
771822616864722
771822650197066
771822683529357
771822716861649
771822750193993
771822783526284
771822816858576
771822850190920
771822883523211
771822916855503
771822950187847
771822983520139
771823016852430
771823050184722
771823083517066
771823116849357
771823150181649
771823183513993
771823216846284
771823250178576
771823283510920
771823316843211
771823350175503
771823383507847
771823416840139
771823450172430
771823483504722
771823516837066
771823550169357
771823583501649
771823616833993
771823650166284
771823683498576
771823716830920
771823750163211
771823783495503
771823816827847
771823850160139
771823883492430
771823916824722
771823950157066
771823983489357
771824016821649
771824050153993
771824083486284
771824116818576
771824150150920
771824183483211
771824216815503
771824250147847
771824283480139
771824316812430
771824350144774
771824383477066
771824416809357
771824450141649
771824483473993
771824516806284
771824550138576
771824583470920
771824616803211
771824650135503
771824683467847
771824716800139
771824750132430
771824783464722
771824816797066
771824850129357
771824883461649
771824916793993
771824950126284
771824983458576
771825016790920
771825050123211
771825083455503
771825116787847
771825150120139
771825183452430
771825216784722
771825250117066
771825283449357
771825316781649
771825350113993
771825383446284
771825416778576
771825450110920
771825483443211
771825516775503
771825550107847
771825583440139
771825616772430
771825650104722
771825683437066
771825716769357
771825750101649
771825783433993
771825816766284
771825850098576
771825883430920
771825916763211
771825950095503
771825983427847
771826016760139
771826050092430
771826083424774
771826116757066
771826150089357
771826183421649
771826216753993
771826250086284
771826283418576
771826316750920
771826350083211
771826383415503
771826416747847
771826450080139
771826483412430
771826516744722
771826550077066
771826583409357
771826616741649
771826650073993
771826683406284
771826716738576
771826750070920
771826783403211
771826816735503
771826850067847
771826883400139
771826916732430
771826950064722
771826983397066
771827016729357
771827050061649
771827083393993
771827116726284
771827150058576
771827183390920
771827216723211
771827250055503
771827283387847
771827316720139
771827350052430
771827383384722
771827416717066
771827450049357
771827483381649
771827516713993
771827550046284
771827583378576
771827616710920
771827650043211
771827683375503
771827716707847
771827750040139
771827783372430
771827816704722
771827850037066
771827883369357
771827916701649
771827950033993
771827983366284
771828016698576
771828050030920
771828083363211
771828116695503
771828150027847
771828183360139
771828216692430
771828250024722
771828283357066
771828316689357
771828350021649
771828383353993
771828416686284
771828450018576
771828483350920
771828516683211
771828550015503
771828583347847
771828616680139
771828650012430
771828683344722
771828716677066
771828750009357
771828783341649
771828816673993
771828850006284
771828883338576
771828916670920
771828950003211
771828983335503
771829016667847
771829050000139
771829083332430
771829116664722
771829149997066
771829183329357
771829216661649
771829249993993
771829283326284
771829316658576
771829349990920
771829383323211
771829416655503
771829449987847
771829483320139
771829516652430
771829549984722
771829583317066
771829616649357
771829649981649
771829683313993
771829716646284
771829749978576
771829783310920
771829816643211
771829849975503
771829883307847
771829916640139
771829949972430
771829983304722
771830016637066
771830049969357
771830083301649
771830116633993
771830149966284
771830183298576
771830216630920
771830249963211
771830283295503
771830316627847
771830349960139
771830383292430
771830416624722
771830449957066
771830483289357
771830516621649
771830549953993
771830583286284
771830616618576
771830649950920
771830683283211
771830716615503
771830749947847
771830783280139
771830816612430
771830849944722
771830883277066
771830916609357
771830949941649
771830983273993
771831016606284
771831049938576
771831083270920
771831116603211
771831149935503
771831183267847
771831216600139
771831249932430
771831283264722
771831316597066
771831349929357
771831383261649
771831416593993
771831449926284
771831483258576
771831516590920
771831549923211
771831583255503
771831616587847
771831649920139
771831683252430
771831716584722
771831749917066
771831783249357
771831816581649
771831849913993
771831883246284
771831916578576
771831949910920
771831983243211
771832016575503
771832049907847
771832083240139
771832116572430
771832149904722
771832183237066
771832216569357
771832249901649
771832283233993
771832316566284
771832349898576
771832383230920
771832416563211
771832449895503
771832483227847
771832516560139
771832549892430
771832583224722
771832616557066
771832649889357
771832683221649
771832716553993
771832749886284
771832783218576
771832816550920
771832849883211
771832883215503
771832916547847
771832949880139
771832983212430
771833016544722
771833049877066
771833083209357
771833116541649
771833149873993
771833183206284
771833216538576
771833249870920
771833283203211
771833316535503
771833349867847
771833383200139
771833416532430
771833449864722
771833483197066
771833516529357
771833549861649
771833583193993
771833616526284
771833649858576
771833683190920
771833716523211
771833749855503
771833783187847
771833816520139
771833849852430
771833883184722
771833916517066
771833949849357
771833983181649
771834016513993
771834049846284
771834083178576
771834116510920
771834149843211
771834183175503
771834216507847
771834249840139
771834283172430
771834316504722
771834349837066
771834383169357
771834416501649
771834449833993
771834483166284
771834516498576
771834549830920
771834583163211
771834616495503
771834649827847
771834683160139
771834716492430
771834749824722
771834783157066
771834816489357
771834849821649
771834883153993
771834916486284
771834949818576
771834983150920
771835016483211
771835049815503
771835083147847
771835116480139
771835149812430
771835183144722
771835216477066
771835249809357
771835283141649
771835316473993
771835349806284
771835383138576
771835416470920
771835449803211
771835483135503
771835516467847
771835549800139
771835583132430
771835616464722
771835649797066
771835683129357
771835716461649
771835749793993
771835783126284
771835816458576
771835849790920
771835883123211
771835916455503
771835949787847
771835983120139
771836016452430
771836049784722
771836083117066
771836116449357
771836149781649
771836183113993
771836216446284
771836249778576
771836283110920
771836316443211
771836349775503
771836383107847
771836416440139
771836449772430
771836483104722
771836516437066
771836549769357
771836583101649
771836616433993
771836649766284
771836683098576
771836716430920
771836749763211
771836783095503
771836816427847
771836849760139
771836883092430
771836916424722
771836949757066
771836983089357
771837016421649
771837049753993
771837083086284
771837116418576
771837149750920
771837183083211
771837216415503
771837249747847
771837283080139
771837316412430
771837349744722
771837383077066
771837416409357
771837449741649
771837483073993
771837516406284
771837549738576
771837583070920
771837616403211
771837649735503
771837683067847
771837716400139
771837749732430
771837783064774
771837816397066
771837849729357
771837883061649
771837916393993
771837949726284
771837983058576
771838016390920
771838049723211
771838083055503
771838116387847
771838149720139
771838183052430
771838216384722
771838249717066
771838283049357
771838316381649
771838349713993
771838383046284
771838416378576
771838449710920
771838483043211
771838516375503
771838549707847
771838583040139
771838616372430
771838649704722
771838683037066
771838716369357
771838749701649
771838783033993
771838816366284
771838849698576
771838883030920
771838916363211
771838949695503
771838983027847
771839016360139
771839049692430
771839083024722
771839116357066
771839149689357
771839183021649
771839216353993
771839249686284
771839283018576
771839316350920
771839349683211
771839383015503
771839416347847
771839449680139
771839483012430
771839516344774
771839549677066
771839583009357
771839616341649
771839649673993
771839683006284
771839716338576
771839749670920
771839783003211
771839816335503
771839849667847
771839883000139
771839916332430
771839949664722
771839982997066
771840016329357
771840049661649
771840082993993
771840116326284
771840149658576
771840182990920
771840216323211
771840249655503
771840282987847
771840316320139
771840349652430
771840382984722
771840416317066
771840449649357
771840482981649
771840516313993
771840549646284
771840582978576
771840616310920
771840649643211
771840682975503
771840716307847
771840749640139
771840782972430
771840816304722
771840849637066
771840882969357
771840916301649
771840949633993
771840982966284
771841016298576
771841049630920
771841082963211
771841116295503
771841149627847
771841182960139
771841216292430
771841249624722
771841282957066
771841316289357
771841349621649
771841382953993
771841416286284
771841449618576
771841482950920
771841516283211
771841549615503
771841582947847
771841616280139
771841649612430
771841682944722
771841716277066
771841749609357
771841782941649
771841816273993
771841849606284
771841882938576
771841916270920
771841949603211
771841982935503
771842016267847
771842049600139
771842082932430
771842116264722
771842149597066
771842182929357
771842216261649
771842249593993
771842282926284
771842316258576
771842349590920
771842382923211
771842416255503
771842449587847
771842482920139
771842516252430
771842549584722
771842582917066
771842616249357
771842649581649
771842682913993
771842716246284
771842749578576
771842782910920
771842816243211
771842849575503
771842882907847
771842916240139
771842949572430
771842982904774
771843016237066
771843049569357
771843082901649
771843116233993
771843149566284
771843182898576
771843216230920
771843249563211
771843282895503
771843316227847
771843349560139
771843382892430
771843416224722
771843449557066
771843482889357
771843516221649
771843549553993
771843582886284
771843616218576
771843649550920
771843682883211
771843716215503
771843749547847
771843782880139
771843816212430
771843849544722
771843882877066
771843916209357
771843949541649
771843982873993
771844016206284
771844049538576
771844082870920
771844116203211
771844149535503
771844182867847
771844216200139
771844249532430
771844282864722
771844316197066
771844349529357
771844382861649
771844416193993
771844449526284
771844482858576
771844516190920
771844549523211
771844582855503
771844616187847
771844649520139
771844682852430
771844716184722
771844749517066
771844782849357
771844816181649
771844849513993
771844882846284
771844916178576
771844949510920
771844982843211
771845016175503
771845049507847
771845082840139
771845116172430
771845149504722
771845182837066
771845216169357
771845249501649
771845282833993
771845316166284
771845349498576
771845382830920
771845416163211
771845449495503
771845482827847
771845516160139
771845549492430
771845582824722
771845616157066
771845649489357
771845682821649
771845716153993
771845749486284
771845782818576
771845816150920
771845849483211
771845882815503
771845916147847
771845949480139
771845982812430
771846016144722
771846049477066
771846082809357
771846116141649
771846149473993
771846182806284
771846216138576
771846249470920
771846282803211
771846316135503
771846349467847
771846382800139
771846416132430
771846449464722
771846482797066
771846516129357
771846549461649
771846582793993
771846616126284
771846649458576
771846682790920
771846716123211
771846749455503
771846782787847
771846816120139
771846849452430
771846882784722
771846916117066
771846949449357
771846982781649
771847016113993
771847049446284
771847082778576
771847116110920
771847149443211
771847182775503
771847216107847
771847249440139
771847282772430
771847316104722
771847349437066
771847382769357
771847416101649
771847449433993
771847482766284
771847516098576
771847549430920
771847582763211
771847616095503
771847649427847
771847682760139
771847716092430
771847749424722
771847782757066
771847816089357
771847849421649
771847882753993
771847916086284
771847949418576
771847982750920
771848016083211
771848049415503
771848082747847
771848116080139
771848149412430
771848182744722
771848216077066
771848249409357
771848282741649
771848316073993
771848349406284
771848382738576
771848416070920
771848449403211
771848482735503
771848516067847
771848549400139
771848582732430
771848616064722
771848649397066
771848682729357
771848716061649
771848749393993
771848782726284
771848816058576
771848849390920
771848882723211
771848916055503
771848949387847
771848982720139
771849016052430
771849049384722
771849082717066
771849116049357
771849149381649
771849182713993
771849216046284
771849249378576
771849282710920
771849316043211
771849349375503
771849382707847
771849416040139
771849449372430
771849482704722
771849516037066
771849549369357
771849582701649
771849616033993
771849649366284
771849682698576
771849716030920
771849749363211
771849782695503
771849816027847
771849849360139
771849882692430
771849916024774
771849949357066
771849982689357
771850016021649
771850049353993
771850082686284
771850116018576
771850149350920
771850182683211
771850216015503
771850249347847
771850282680139
771850316012430
771850349344722
771850382677066
771850416009357
771850449341701
771850482673993
771850516006284
771850549338576
771850582670920
771850616003211
771850649335503
771850682667847
771850716000139
771850749332430
771850782664722
771850815997066
771850849329357
771850882661649
771850915993993
771850949326284
771850982658576
771851015990920
771851049323211
771851082655503
771851115987847
771851149320139
771851182652430
771851215984722
771851249317066
771851282649357
771851315981649
771851349313993
771851382646284
771851415978576
771851449310920
771851482643211
771851515975503
771851549307847
771851582640139
771851615972430
771851649304774
771851682637066
771851715969357
771851749301649
771851782633993
771851815966284
771851849298576
771851882630920
771851915963211
771851949295503
771851982627847
771852015960139
771852049292430
771852082624722
771852115957066
771852149289357
771852182621649
771852215953993
771852249286284
771852282618576
771852315950920
771852349283211
771852382615503
771852415947847
771852449280139
771852482612430
771852515944722
771852549277066
771852582609357
771852615941649
771852649273993
771852682606284
771852715938576
771852749270920
771852782603211
771852815935503
771852849267847
771852882600139
771852915932430
771852949264722
771852982597066
771853015929357
771853049261649
771853082593993
771853115926284
771853149258576
771853182590920
771853215923211
771853249255503
771853282587847
771853315920139
771853349252430
771853382584774
771853415917066
771853449249357
771853482581649
771853515913993
771853549246284
771853582578576
771853615910920
771853649243211
771853682575503
771853715907847
771853749240139
771853782572430
771853815904722
771853849237066
771853882569357
771853915901649
771853949233993
771853982566284
771854015898576
771854049230920
771854082563211
771854115895503
771854149227847
771854182560139
771854215892430
771854249224722
771854282557066
771854315889357
771854349221649
771854382553993
771854415886284
771854449218576
771854482550920
771854515883211
771854549215503
771854582547847
771854615880139
771854649212430
771854682544722
771854715877066
771854749209357
771854782541649
771854815873993
771854849206284
771854882538576
771854915870920
771854949203211
771854982535503
771855015867847
771855049200139
771855082532430
771855115864722
771855149197066
771855182529357
771855215861649
771855249193993
771855282526284
771855315858576
771855349190920
771855382523211
771855415855503
771855449187847
771855482520139
771855515852430
771855549184722
771855582517066
771855615849357
771855649181649
771855682513993
771855715846284
771855749178576
771855782510920
771855815843211
771855849175503
771855882507847
771855915840139
771855949172430
771855982504722
771856015837066
771856049169357
771856082501649
771856115833993
771856149166284
771856182498576
771856215830920
771856249163211
771856282495503
771856315827847
771856349160139
771856382492430
771856415824722
771856449157066
771856482489357
771856515821649
771856549153993
771856582486284
771856615818576
771856649150920
771856682483211
771856715815503
771856749147847
771856782480139
771856815812430
771856849144774
771856882477066
771856915809357
771856949141649
771856982473993
771857015806284
771857049138576
771857082470920
771857115803211
771857149135503
771857182467847
771857215800139
771857249132430
771857282464722
771857315797066
771857349129357
771857382461649
771857415793993
771857449126284
771857482458576
771857515790920
771857549123211
771857582455503
771857615787847
771857649120139
771857682452430
771857715784722
771857749117066
771857782449357
771857815781649
771857849113993
771857882446284
771857915778576
771857949110920
771857982443211
771858015775503
771858049107847
771858082440139
771858115772430
771858149104722
771858182437066
771858215769357
771858249101649
771858282433993
771858315766284
771858349098576
771858382430920
771858415763211
771858449095503
771858482427847
771858515760139
771858549092430
771858582424774
771858615757066
771858649089357
771858682421649
771858715753993
771858749086284
771858782418576
771858815750920
771858849083211
771858882415503
771858915747847
771858949080139
771858982412430
771859015744722
771859049077066
771859082409357
771859115741649
771859149073993
771859182406284
771859215738576
771859249070920
771859282403211
771859315735503
771859349067847
771859382400139
771859415732430
771859449064722
771859482397066
771859515729357
771859549061649
771859582393993
771859615726284
771859649058576
771859682390920
771859715723211
771859749055503
771859782387847
771859815720139
771859849052430
771859882384722
771859915717066
771859949049357
771859982381649
771860015713993
771860049046284
771860082378576
771860115710920
771860149043211
771860182375503
771860215707847
771860249040139
771860282372430
771860315704722
771860349037066
771860382369357
771860415701649
771860449033993
771860482366284
771860515698576
771860549030920
771860582363211
771860615695503
771860649027847
771860682360139
771860715692430
771860749024722
771860782357066
771860815689357
771860849021649
771860882353993
771860915686284
771860949018576
771860982350920
771861015683211
771861049015503
771861082347847
771861115680139
771861149012430
771861182344722
771861215677066
771861249009357
771861282341649
771861315673993
771861349006284
771861382338576
771861415670920
771861449003211
771861482335503
771861515667847
771861549000139
771861582332430
771861615664722
771861648997066
771861682329357
771861715661649
771861748993993
771861782326284
771861815658576
771861848990920
771861882323211
771861915655503
771861948987847
771861982320139
771862015652430
771862048984722
771862082317066
771862115649357
771862148981649
771862182313993
771862215646284
771862248978576
771862282310920
771862315643211
771862348975503
771862382307847
771862415640139
771862448972430
771862482304722
771862515637066
771862548969357
771862582301649
771862615633993
771862648966284
771862682298576
771862715630920
771862748963211
771862782295503
771862815627847
771862848960139
771862882292430
771862915624722
771862948957066
771862982289357
771863015621649
771863048953993
771863082286284
771863115618576
771863148950920
771863182283211
771863215615503
771863248947847
771863282280139
771863315612430
771863348944722
771863382277066
771863415609357
771863448941649
771863482273993
771863515606284
771863548938576
771863582270920
771863615603211
771863648935503
771863682267847
771863715600139
771863748932430
771863782264722
771863815597066
771863848929357
771863882261649
771863915593993
771863948926284
771863982258576
771864015590920
771864048923211
771864082255503
771864115587847
771864148920139
771864182252430
771864215584722
771864248917066
771864282249357
771864315581649
771864348913993
771864382246284
771864415578576
771864448910920
771864482243211
771864515575503
771864548907847
771864582240139
771864615572430
771864648904722
771864682237066
771864715569357
771864748901649
771864782233993
771864815566284
771864848898576
771864882230920
771864915563211
771864948895503
771864982227847
771865015560139
771865048892430
771865082224722
771865115557066
771865148889357
771865182221649
771865215553993
771865248886284
771865282218576
771865315550920
771865348883211
771865382215503
771865415547847
771865448880139
771865482212430
771865515544722
771865548877066
771865582209357
771865615541649
771865648873993
771865682206284
771865715538576
771865748870920
771865782203211
771865815535503
771865848867847
771865882200139
771865915532430
771865948864722
771865982197066
771866015529357
771866048861649
771866082193993
771866115526284
771866148858576
771866182190920
771866215523211
771866248855503
771866282187847
771866315520139
771866348852430
771866382184722
771866415517066
771866448849357
771866482181649
771866515513993
771866548846284
771866582178576
771866615510920
771866648843211
771866682175503
771866715507847
771866748840139
771866782172430
771866815504722
771866848837066
771866882169357
771866915501649
771866948833993
771866982166284
771867015498576
771867048830920
771867082163211
771867115495503
771867348821649
771867382153993
771867415486284
771867448818576
771867482150920
771867515483211
771867548815503
771867582147847
771867615480139
771867648812430
771867682144722
771867715477066
771867748809357
771867782141649
771867815473993
771867848806284
771867882138576
771867915470920
771867948803211
771867982135503
771868015467847
771868048800139
771868082132430
771868115464722
771868148797066
771868182129357
771868215461649
771868248793993
771868282126284
771868315458576
771868348790920
771868382123211
771868415455503
771868448787847
771868482120139
771868515452430
771868548784722
771868582117066
771868615449357
771868648781649
771868682113993
771868715446284
771868748778576
771868782110920
771868815443211
771868848775503
771868882107847
771868915440139
771868948772430
771868982104722
771869015437066
771869048769357
771869082101649
771869115433993
771869148766284
771869182098576
771869215430920
771869248763211
771869282095503
771869315427847
771869348760139
771869382092430
771869415424722
771869448757066
771869482089357
771869515421649
771869548753993
771869582086284
771869615418576
771869648750920
771869682083211
771869715415503
771869748747847
771869782080139
771869815412430
771869848744722
771869882077066
771869915409357
771869948741649
771869982073993
771870015406284
771870048738576
771870082070920
771870115403211
771870148735503
771870182067847
771870215400139
771870248732430
771870282064722
771870315397066
771870348729357
771870382061649
771870415393993
771870448726284
771870482058576
