1622987793641582
1622987826973874
1622987860306166
1622987893638509
1622987926970800
1622987960303092
1622987993635436
1622988026967727
1622988060300019
1622988093632363
1622988126964654
1622988160296946
1622988193629290
1622988226961583
1622988260293873
1622988293626217
1622988326958509
1622988360290800
1622988393623092
1622988426955436
1622988460287728
1622988493620019
1622988526952363
1622988560284654
1622988593616946
1622988626949290
1622988660281582
1622988693613873
1622988726946165
1622988760278509
1622988793610800
1622988826943092
1622988860275437
1622988893607727
1622988926940019
1622988960272363
1622988993604654
1622989026936946
1622989060269290
1622989093601582
1622989126933873
1622989160266165
1622989193598509
1622989226930800
1622989260263092
1622989293595436
1622989326927727
1622989360260019
1622989393592363
1622989426924654
1622989460256946
1622989493589291
1622989526921582
1622989560253873
1622989593586165
1622989626918509
1622989660250801
1622989693583093
1622989726915436
1622989760247727
1622989793580019
1622989826912363
1622989860244654
1622989893576946
1622989926909290
1622989960241582
1622989993573873
1622990026906217
1622990060238509
1622990093570800
1622990126903092
1622990160235436
1622990193567727
1622990226900019
1622990260232363
1622990293564655
1622990326896947
1622990360229290
1622990393561582
1622990426893873
1622990460226165
1622990493558509
1622990526890800
1622990560223092
1622990593555436
1622990626887727
1622990660220019
1622990693552364
1622990726884654
1622990760216946
1622990793549290
1622990826881582
1622990860213873
1622990893546166
1622990926878509
1622990960210800
1622990993543092
1622991026875436
1622991060207727
1622991093540019
1622991126872363
1622991160204654
1622991193536946
1622991226869290
1622991260201582
1622991293533873
1622991326866165
1622991360198510
1622991393530800
1622991426863092
1622991460195436
1622991493527728
1622991526860020
1622991560192363
1622991593524654
1622991626856946
1622991660189290
1622991693521582
1622991726853873
1622991760186217
1622991793518509
1622991826850800
1622991860183092
1622991893515436
1622991926847727
1622991960180019
1622991993512363
1622992026844654
1622992060176946
1622992093509290
1622992126841582
1622992160173874
1622992193506165
1622992226838509
1622992260170800
1622992293503092
1622992326835436
1622992360167727
1622992393500019
1622992426832363
1622992460164654
1622992493496946
1622992526829290
1622992560161583
1622992593493873
1622992626826165
1622992660158509
1622992693490800
1622992726823092
1622992760155436
1622992793487727
1622992826820019
1622992860152363
1622992893484654
1622992926816946
1622992960149290
1622992993481582
1622993026813873
1622993060146165
1622993093478509
1622993126810800
1622993160143092
1622993193475437
1622993226807727
1622993260140019
1622993293472363
1622993326804654
1622993360136947
1622993393469290
1622993426801582
1622993460133873
1622993493466217
1622993526798509
1622993560130800
1622993593463092
1622993626795436
1622993660127727
1622993693460019
1622993726792363
1622993760124654
1622993793456946
1622993826789291
1622993860121582
1622993893453873
1622993926786165
1622993960118509
1622993993450801
1622994026783093
1622994060115436
1622994093447727
1622994126780019
1622994160112363
1622994193444654
1622994226776946
1622994260109290
1622994293441582
1622994326773873
1622994360106165
1622994393438510
1622994426770800
1622994460103092
1622994493435436
1622994526767727
1622994560100019
1622994593432363
1622994626764655
1622994660096946
1622994693429290
1622994726761582
1622994760093873
1622994793426165
1622994826758509
1622994860090800
1622994893423092
1622994926755436
1622994960087727
1622994993420019
1622995026752364
1622995060084654
1622995093416946
1622995126749290
1622995160081582
1622995193413874
1622995226746217
1622995260078509
1622995293410800
1622995326743092
1622995360075436
1622995393407727
1622995426740019
1622995460072363
1622995493404654
1622995526736946
1622995560069290
1622995593401582
1622995626733873
1622995660066165
1622995693398509
1622995726730800
1622995760063092
1622995793395436
1622995826727728
1622995860060020
1622995893392363
1622995926724654
1622995960056946
1622995993389290
1622996026721582
1622996060053873
1622996093386165
1622996126718509
1622996160050800
1622996193383092
1622996226715436
1622996260047727
1622996293380019
1622996326712363
1622996360044654
1622996393376946
1622996426709290
1622996460041582
1622996493373874
1622996526706165
1622996560038509
1622996593370800
1622996626703092
1622996660035436
1622996693367727
1622996726700019
1622996760032363
1622996793364654
1622996826696946
1622996860029291
1622996893361583
1622996926693873
1622996960026217
1622996993358509
1622997026690800
1622997060023093
1622997093355436
1622997126687727
1622997160020019
1622997193352363
1622997226684654
1622997260016946
1622997293349290
1622997326681582
1622997360013873
1622997393346217
1622997426678509
1622997460010800
1622997493343092
1622997526675437
1622997560007727
1622997593340019
1622997626672363
1622997660004655
1622997693336947
1622997726669290
1622997760001582
1622997793333873
1622997826666165
1622997859998509
1622997893330800
1622997926663092
1622997959995436
1622997993327727
1622998026660019
1622998059992363
1622998093324654
1622998126656946
1622998159989290
1622998193321582
1622998226653873
1622998259986165
1622998293318509
1622998326650801
1622998359983092
1622998393315436
1622998426647727
1622998459980019
1622998493312363
1622998526644654
1622998559976946
1622998593309290
1622998626641582
1622998659973873
1622998693306165
1622998726638510
1622998759970800
1622998793303092
1622998826635436
1622998859967727
1622998893300019
1622998926632363
1622998959964654
1622998993296946
1622999026629290
1622999059961582
1622999093293873
1622999126626165
1622999159958509
1622999193290800
1622999226623092
1622999259955436
1622999293287727
1622999326620019
1622999359952364
1622999393284654
1622999426616946
1622999459949290
1622999493281582
1622999526613874
1622999559946166
1622999593278509
1622999626610800
1622999659943092
1622999693275436
1622999726607727
1622999759940019
1622999793272363
1622999826604654
1622999859936946
1622999893269290
1622999926601582
1622999959933873
1622999993266218
1623000026598509
1623000059930800
1623000093263092
1623000126595436
1623000159927728
1623000193260020
1623000226592363
1623000259924654
1623000293256946
1623000326589290
1623000359921582
1623000393253873
1623000426586165
1623000459918509
1623000493250800
1623000526583092
1623000559915437
1623000593247727
1623000626580019
1623000659912363
1623000693244654
1623000726576946
1623000759909290
1623000793241582
1623000826573873
1623000859906165
1623000893238509
1623000926570800
1623000959903092
1623000993235436
1623001026567727
1623001059900019
1623001093232363
1623001126564654
1623001159896946
1623001193229291
1623001226561583
1623001259893873
1623001293226165
1623001326558509
1623001359890801
1623001393223093
1623001426555436
1623001459887727
1623001493220019
1623001526552363
1623001559884654
1623001593216946
1623001626549290
1623001659881582
1623001693213873
1623001726546217
1623001759878509
1623001793210800
1623001826543092
1623001859875436
1623001893207727
1623001926540019
1623001959872363
1623001993204655
1623002026536947
1623002059869290
1623002093201582
1623002126533873
1623002159866165
1623002193198509
1623002226530800
1623002259863092
1623002293195436
1623002326527727
1623002359860019
1623002393192363
1623002426524654
1623002459856946
1623002493189290
1623002526521582
1623002559853873
1623002593186165
1623002626518509
1623002659850801
1623002693183092
1623002726515436
1623002759847727
1623002793180019
1623002826512363
1623002859844654
1623002893176946
1623002926509290
1623002959841582
1623002993173873
1623003026506165
1623003059838510
1623003093170800
1623003126503092
1623003159835436
1623003193167727
1623003226500020
1623003259832363
1623003293164654
1623003326496946
1623003359829290
1623003393161582
1623003426493873
1623003459826217
1623003493158509
1623003526490800
1623003559823092
1623003593155436
1623003626487727
1623003659820019
1623003693152364
1623003726484654
1623003759816946
1623003793149290
1623003826481582
1623003859813874
1623003893146166
1623003926478509
1623003959810800
1623003993143092
1623004026475436
1623004059807727
1623004093140019
1623004126472363
1623004159804654
1623004193136946
1623004226469290
1623004259801583
1623004293133873
1623004326466165
1623004359798509
1623004393130800
1623004426463092
1623004459795436
1623004493127728
1623004526460019
1623004559792363
1623004593124654
1623004626456946
1623004659789290
1623004693121582
1623004726453873
1623004759786165
1623004793118509
1623004826450800
1623004859783092
1623004893115437
1623004926447727
1623004959780019
1623004993112363
1623005026444654
1623005059776946
1623005093109290
1623005126441582
1623005159773873
1623005193106217
1623005226438509
1623005259770800
1623005293103092
1623005326435436
1623005359767727
1623005393100019
1623005426432363
1623005459764654
1623005493096946
1623005526429291
1623005559761582
1623005593093873
1623005626426165
1623005659758509
1623005693090801
1623005726423093
1623005759755436
1623005793087727
1623005826420019
1623005859752363
1623005893084654
1623005926416946
1623005959749290
1623005993081582
1623006026413873
1623006059746165
1623006093078509
1623006126410800
1623006159743092
1623006193075436
1623006226407727
1623006259740019
1623006293072363
1623006326404655
1623006359736947
1623006393069290
1623006426401582
1623006459733873
1623006493066165
1623006526398509
1623006559730800
1623006593063092
1623006626395436
1623006659727727
1623006693060019
1623006726392364
1623006759724654
1623006793056946
1623006826389290
1623006859721582
1623006893053873
1623006926386217
1623006959718509
1623006993050800
1623007026383092
1623007059715436
1623007093047727
1623007126380019
1623007159712363
1623007193044654
1623007226376946
1623007259709290
1623007293041582
1623007326373873
1623007359706165
1623007393038510
1623007426370800
1623007459703092
1623007493035436
1623007526367728
1623007559700020
1623007593032363
1623007626364654
1623007659696946
1623007693029290
1623007726361582
1623007759693873
1623007793026165
1623007826358509
1623007859690800
1623007893023092
1623007926355436
1623007959687727
1623007993020019
1623008026352363
1623008059684654
1623008093016946
1623008126349290
1623008159681582
1623008193013874
1623008226346165
1623008259678509
1623008293010800
1623008326343092
1623008359675436
1623008393007727
1623008426340019
1623008459672363
1623008493004654
1623008526336946
1623008559669291
1623008593001583
1623008626333873
1623008659666165
1623008692998509
1623008726330800
1623008759663092
1623008792995436
1623008826327727
1623008859660019
1623008892992363
1623008926324654
1623008959656946
1623008992989290
1623009026321582
1623009059653873
1623009092986165
1623009126318509
1623009159650800
1623009192983092
1623009226315437
1623009259647727
1623009292980019
1623009326312363
1623009359644654
1623009392976947
1623009426309290
1623009459641582
1623009492973873
1623009526306165
1623009559638509
1623009592970800
1623009626303092
1623009659635436
1623009692967727
1623009726300019
1623009759632363
1623009792964654
1623009826296946
1623009859629291
1623009892961582
1623009926293873
1623009959626217
1623009992958509
1623010026290801
1623010059623093
1623010092955436
1623010126287727
1623010159620019
1623010192952363
1623010226284654
1623010259616946
1623010292949290
1623010326281582
1623010359613873
1623010392946165
1623010426278510
1623010459610800
1623010492943092
1623010526275436
1623010559607727
1623010592940019
1623010626272363
1623010659604655
1623010692936946
1623010726269290
1623010759601582
1623010792933873
1623010826266165
1623010859598509
1623010892930800
1623010926263092
1623010959595436
1623010992927727
1623011026260019
1623011059592364
1623011092924654
1623011126256946
1623011159589290
1623011192921582
1623011226253874
1623011259586166
1623011292918509
1623011326250800
1623011359583092
1623011392915436
1623011426247727
1623011459580019
1623011492912363
1623011526244654
1623011559576946
1623011592909290
1623011626241582
1623011659573873
1623011692906218
1623011726238509
1623011759570800
1623011792903092
1623011826235436
1623011859567728
1623011892900020
1623011926232363
1623011959564654
1623011992896946
1623012026229290
1623012059561582
1623012092893873
1623012126226165
1623012159558509
1623012192890800
1623012226223092
1623012259555436
1623012292887727
1623012326220019
1623012359552363
1623012392884654
1623012426216946
1623012459549290
1623012492881582
1623012526213874
1623012559546165
1623012592878509
1623012626210800
1623012659543092
1623012692875436
1623012726207727
1623012759540019
1623012792872363
1623012826204654
1623012859536946
1623012892869291
1623012926201583
1623012959533873
1623012992866165
1623013026198509
1623013059530800
1623013092863093
1623013126195436
1623013159527727
1623013192860019
1623013226192363
1623013259524654
1623013292856946
1623013326189290
1623013359521582
1623013392853873
1623013426186165
1623013459518509
1623013492850800
1623013526183092
1623013559515437
1623013592847727
1623013626180019
1623013659512363
1623013692844655
1623013726176947
1623013759509290
1623013792841582
1623013826173873
1623013859506165
1623013892838509
1623013926170800
1623013959503092
1623013992835436
1623014026167727
1623014059500019
1623014092832363
1623014126164654
1623014159496946
1623014192829290
1623014226161582
1623014259493873
1623014292826165
1623014326158509
1623014359490801
1623014392823092
1623014426155436
1623014459487727
1623014492820019
1623014526152363
1623014559484654
1623014592816946
1623014626149290
1623014659481582
1623014692813873
1623014726146165
1623014759478510
1623014792810800
1623014826143092
1623014859475436
1623014892807727
1623014926140019
1623014959472363
1623014992804654
1623015026136946
1623015059469290
1623015092801582
1623015126133873
1623015159466165
1623015192798509
1623015226130800
1623015259463092
1623015292795436
1623015326127727
1623015359460019
1623015392792364
1623015426124654
1623015459456946
1623015492789290
1623015526121582
1623015559453874
1623015592786166
1623015626118509
1623015659450800
1623015692783092
1623015726115436
1623015759447727
1623015792780019
1623015826112363
1623015859444654
1623015892776946
1623015926109290
1623015959441582
1623015992773873
1623016026106165
1623016059438509
1623016092770800
1623016126103092
1623016159435436
1623016192767728
1623016226100020
1623016259432363
1623016292764654
1623016326096946
1623016359429290
1623016392761582
1623016426093873
1623016459426165
1623016492758509
1623016526090800
1623016559423092
1623016592755437
1623016626087727
1623016659420019
1623016692752363
1623016726084654
1623016759416946
1623016792749290
1623016826081582
1623016859413873
1623016892746217
1623016926078509
1623016959410800
1623016992743092
1623017026075436
1623017059407727
1623017092740019
1623017126072363
1623017159404654
1623017192736946
1623017226069291
1623017259401583
1623017292733873
1623017326066165
1623017359398509
1623017392730801
1623017426063093
1623017459395436
1623017492727727
1623017526060019
1623017559392363
1623017592724654
1623017626056946
1623017659389290
1623017692721582
1623017726053873
1623017759386165
1623017792718509
1623017826050800
1623017859383092
1623017892715436
1623017926047727
1623017959380019
1623017992712363
1623018026044655
1623018059376947
1623018092709290
1623018126041582
1623018159373873
1623018192706165
1623018226038509
1623018259370800
1623018292703092
1623018326035436
1623018359367727
1623018392700019
1623018426032363
1623018459364654
1623018492696946
1623018526029290
1623018559361582
1623018592693873
1623018626026217
1623018659358509
1623018692690801
1623018726023092
1623018759355436
1623018792687727
1623018826020019
1623018859352363
1623018892684654
1623018926016946
1623018959349290
1623018992681582
1623019026013873
1623019059346165
1623019092678510
1623019126010800
1623019159343092
1623019192675436
1623019226007727
1623019259340020
1623019292672363
1623019326004654
1623019359336946
1623019392669290
1623019426001582
1623019459333873
1623019492666165
1623019525998509
1623019559330800
1623019592663092
1623019625995436
1623019659327727
1623019692660019
1623019725992364
1623019759324654
1623019792656946
1623019825989290
1623019859321582
1623019892653874
1623019925986166
1623019959318509
1623019992650800
1623020025983092
1623020059315436
1623020092647727
1623020125980019
1623020159312363
1623020192644654
1623020225976946
1623020259309290
1623020292641583
1623020325973873
1623020359306217
1623020392638509
1623020425970800
1623020459303092
1623020492635436
1623020525967728
1623020559300019
1623020592632363
1623020625964654
1623020659296946
1623020692629290
1623020725961582
1623020759293873
1623020792626165
1623020825958509
1623020859290800
1623020892623092
1623020925955437
1623020959287727
1623020992620019
1623021025952363
1623021059284654
1623021092616947
1623021125949290
1623021159281582
1623021192613873
1623021225946165
1623021259278509
1623021292610800
1623021325943092
1623021359275436
1623021392607727
1623021425940019
1623021459272363
1623021492604654
1623021525936946
1623021559269291
1623021592601582
1623021625933873
1623021659266217
1623021692598509
1623021725930801
1623021759263093
1623021792595436
1623021825927727
1623021859260019
1623021892592363
1623021925924654
1623021959256946
1623021992589290
1623022025921582
1623022059253873
1623022092586165
1623022125918509
1623022159250800
1623022192583092
1623022225915436
1623022259247727
1623022292580019
1623022325912363
1623022359244655
1623022392576947
1623022425909290
1623022459241582
1623022492573873
1623022525906165
1623022559238509
1623022592570800
1623022625903092
1623022659235436
1623022692567727
1623022725900019
1623022759232364
1623022792564654
1623022825896946
1623022859229290
1623022892561582
1623022925893873
1623022959226166
1623022992558509
1623023025890800
1623023059223092
1623023092555436
1623023125887727
1623023159220019
1623023192552363
1623023225884654
1623023259216946
1623023292549290
1623023325881582
1623023359213873
1623023392546218
1623023425878510
1623023459210800
1623023492543092
1623023525875436
1623023559207728
1623023592540020
1623023625872363
1623023659204654
1623023692536946
1623023725869290
1623023759201582
1623023792533873
1623023825866165
1623023859198509
1623023892530800
1623023925863092
1623023959195436
1623023992527727
1623024025860019
1623024059192363
1623024092524654
1623024125856946
1623024159189290
1623024192521582
1623024225853874
1623024259186165
1623024292518509
1623024325850800
1623024359183092
1623024392515436
1623024425847727
1623024459180019
1623024492512363
1623024525844654
1623024559176946
1623024592509291
1623024625841583
1623024659173873
1623024692506165
1623024725838509
1623024759170800
1623024792503092
1623024825835436
1623024859167727
1623024892500019
1623024925832363
1623024959164654
1623024992496946
1623025025829290
1623025059161582
1623025092493873
1623025125826217
1623025159158509
1623025192490800
1623025225823092
1623025259155437
1623025292487727
1623025325820019
1623025359152363
1623025392484654
1623025425816947
1623025459149290
1623025492481582
1623025525813873
1623025559146165
1623025592478509
1623025625810800
1623025659143092
1623025692475436
1623025725807727
1623025759140019
1623025792472363
1623025825804654
1623025859136946
1623025892469291
1623025925801582
1623025959133873
1623025992466165
1623026025798509
1623026059130801
1623026092463093
1623026125795436
1623026159127727
1623026192460019
1623026225792363
1623026259124654
1623026292456946
1623026325789290
1623026359121582
1623026392453873
1623026425786165
1623026459118510
1623026492450800
1623026525783092
1623026559115436
1623026592447727
1623026625780019
1623026659112363
1623026692444655
1623026725776946
1623026759109290
1623026792441582
1623026825773873
1623026859106165
1623026892438509
1623026925770800
1623026959103092
1623026992435436
1623027025767727
1623027059100019
1623027092432364
1623027125764654
1623027159096946
1623027192429290
1623027225761582
1623027259093874
1623027292426166
1623027325758509
1623027359090800
1623027392423092
1623027425755436
1623027459087727
1623027492420019
1623027525752363
1623027559084654
1623027592416946
1623027625749290
1623027659081582
1623027692413873
1623027725746165
1623027759078509
1623027792410800
1623027825743092
1623027859075436
1623027892407728
1623027925740020
1623027959072363
1623027992404654
1623028025736946
1623028059069290
1623028092401582
1623028125733873
1623028159066165
1623028192398509
1623028225730800
1623028259063092
1623028292395436
1623028325727727
1623028359060019
1623028392392363
1623028425724654
1623028459056946
1623028492389290
1623028525721582
1623028559053874
1623028592386217
1623028625718509
1623028659050800
1623028692383092
1623028725715436
1623028759047727
1623028792380019
1623028825712363
1623028859044654
1623028892376946
1623028925709291
1623028959041583
1623028992373873
1623029025706165
1623029059038509
1623029092370800
1623029125703093
1623029159035436
1623029192367727
1623029225700019
1623029259032363
1623029292364654
1623029325696946
1623029359029290
1623029392361582
1623029425693873
1623029459026165
1623029492358509
1623029525690800
1623029559023092
1623029592355437
1623029625687727
1623029659020019
1623029692352363
1623029725684655
1623029759016947
1623029792349290
1623029825681582
1623029859013873
1623029892346165
1623029925678509
1623029959010800
1623029992343092
1623030025675436
1623030059007727
1623030092340019
1623030125672363
1623030159004654
1623030192336946
1623030225669290
1623030259001582
1623030292333873
1623030325666165
1623030358998509
1623030392330801
1623030425663092
1623030458995436
1623030492327727
1623030525660019
1623030558992363
1623030592324654
1623030625656946
1623030658989290
1623030692321582
1623030725653873
1623030758986165
1623030792318510
1623030825650800
1623030858983092
1623030892315436
1623030925647727
1623030958980019
1623030992312363
1623031025644654
1623031058976946
1623031092309290
1623031125641582
1623031158973873
1623031192306165
1623031225638509
1623031258970800
1623031292303092
1623031325635436
1623031358967727
1623031392300019
1623031425632364
1623031458964654
1623031492296946
1623031525629290
1623031558961582
1623031592293874
1623031625626166
1623031658958509
1623031692290800
1623031725623092
1623031758955436
1623031792287727
1623031825620019
1623031858952363
1623031892284654
1623031925616946
1623031958949290
1623031992281582
1623032025613873
1623032058946165
1623032092278509
1623032125610800
1623032158943092
1623032192275436
1623032225607728
1623032258940020
1623032292272363
1623032325604654
1623032358936946
1623032392269290
1623032425601582
1623032458933873
1623032492266165
1623032525598509
1623032558930800
1623032592263092
1623032625595437
1623032658927727
1623032692260019
1623032725592363
1623032758924654
1623032792256946
1623032825589290
1623032858921582
1623032892253873
1623032925586165
1623032958918509
1623032992250800
1623033025583092
1623033058915436
1623033092247727
1623033125580019
1623033158912363
1623033192244654
1623033225576946
1623033258909291
1623033292241583
1623033325573873
1623033358906165
1623033392238509
1623033425570801
1623033458903093
1623033492235436
1623033525567727
1623033558900019
1623033592232363
1623033625564654
1623033658896946
1623033692229290
1623033725561582
1623033758893873
1623033792226217
1623033825558509
1623033858890800
1623033892223092
1623033925555436
1623033958887727
1623033992220019
1623034025552363
1623034058884655
1623034092216947
1623034125549290
1623034158881582
1623034192213873
1623034225546165
1623034258878509
1623034292210800
1623034325543092
1623034358875436
1623034392207727
1623034425540019
1623034458872363
1623034492204654
1623034525536946
1623034558869290
1623034592201582
1623034625533873
1623034658866165
1623034692198509
1623034725530801
1623034758863092
1623034792195436
1623034825527727
1623034858860019
1623034892192363
1623034925524654
1623034958856946
1623034992189290
1623035025521582
1623035058853873
1623035092186165
1623035125518510
1623035158850800
1623035192183092
1623035225515436
1623035258847727
1623035292180020
1623035325512363
1623035358844654
1623035392176946
1623035425509290
1623035458841582
1623035492173873
1623035525506217
1623035558838509
1623035592170800
1623035625503092
1623035658835436
1623035692167727
1623035725500019
1623035758832364
1623035792164654
1623035825496946
1623035858829290
1623035892161582
1623035925493874
1623035958826166
1623035992158509
1623036025490800
1623036058823092
1623036092155436
1623036125487727
1623036158820019
1623036192152363
1623036225484654
1623036258816946
1623036292149290
1623036325481583
1623036358813873
1623036392146165
1623036425478509
1623036458810800
1623036492143092
1623036525475436
1623036558807728
1623036592140019
1623036625472363
1623036658804654
1623036692136946
1623036725469290
1623036758801582
1623036792133873
1623036825466165
1623036858798509
1623036892130800
1623036925463092
1623036958795437
1623036992127727
1623037025460019
1623037058792363
1623037092124654
1623037125456947
1623037158789290
1623037192121582
1623037225453873
1623037258786165
1623037292118509
1623037325450800
1623037358783092
1623037392115436
1623037425447727
1623037458780019
1623037492112363
1623037525444654
1623037558776946
1623037592109291
1623037625441582
1623037658773873
1623037692106165
1623037725438509
1623037758770801
1623037792103093
1623037825435436
1623037858767727
1623037892100019
1623037925432363
1623037958764654
1623037992096946
1623038025429290
1623038058761582
1623038092093873
1623038125426165
1623038158758509
1623038192090800
1623038225423092
1623038258755436
1623038292087727
1623038325420019
1623038358752363
1623038392084655
1623038425416947
1623038458749290
1623038492081582
1623038525413873
1623038558746165
1623038592078509
1623038625410800
1623038658743092
1623038692075436
1623038725407727
1623038758740019
1623038792072364
1623038825404654
1623038858736946
1623038892069290
1623038925401582
1623038958733873
1623038992066217
1623039025398509
1623039058730800
1623039092063092
1623039125395436
1623039158727727
1623039192060019
1623039225392363
1623039258724654
1623039292056946
1623039325389290
1623039358721582
1623039392053873
1623039425386165
1623039458718510
1623039492050800
1623039525383092
1623039558715436
1623039592047728
1623039625380020
1623039658712363
1623039692044654
1623039725376946
1623039758709290
1623039792041582
1623039825373873
1623039858706165
1623039892038509
1623039925370800
1623039958703092
1623039992035436
1623040025367727
1623040058700019
1623040092032363
1623040125364654
1623040158696946
1623040192029290
1623040225361582
1623040258693874
1623040292026165
1623040325358509
1623040358690800
1623040392023092
1623040425355436
1623040458687727
1623040492020019
1623040525352363
1623040558684654
1623040592016946
1623040625349291
1623040658681583
1623040692013873
1623040725346217
1623040758678509
1623040792010800
1623040825343092
1623040858675436
1623040892007727
1623040925340019
1623040958672363
1623040992004654
1623041025336946
1623041058669290
1623041092001582
1623041125333873
1623041158666165
1623041191998509
1623041225330800
1623041258663092
1623041291995437
1623041325327727
1623041358660019
1623041391992363
1623041425324654
1623041458656947
1623041491989290
1623041525321582
1623041558653873
1623041591986165
1623041625318509
1623041658650800
1623041691983092
1623041725315436
1623041758647727
1623041791980019
1623041825312363
1623041858644654
1623041891976946
1623041925309291
1623041958641582
1623041991973873
1623042025306165
1623042058638509
1623042091970801
1623042125303093
1623042158635436
1623042191967727
1623042225300019
1623042258632363
1623042291964654
1623042325296946
1623042358629290
1623042391961582
1623042425293873
1623042458626165
1623042491958510
1623042525290800
1623042558623092
1623042591955436
1623042625287727
1623042658620019
1623042691952363
1623042725284655
1623042758616946
1623042791949290
1623042825281582
1623042858613873
1623042891946165
1623042925278509
1623042958610800
1623042991943092
1623043025275436
1623043058607727
1623043091940019
1623043125272364
1623043158604654
1623043191936946
1623043225269290
1623043258601582
1623043291933874
1623043325266166
1623043358598509
1623043391930800
1623043425263092
1623043458595436
1623043491927727
1623043525260019
1623043558592363
1623043591924654
1623043625256946
1623043658589290
1623043691921582
1623043725253873
1623043758586165
1623043791918509
1623043825250800
1623043858583092
1623043891915436
1623043925247728
1623043958580020
1623043991912363
1623044025244654
1623044058576946
1623044091909290
1623044125241582
1623044158573873
1623044191906165
1623044225238509
1623044258570800
1623044291903092
1623044325235436
1623044358567727
1623044391900019
1623044425232363
1623044458564654
1623044491896946
1623044525229290
1623044558561582
1623044591893874
1623044625226165
1623044658558509
1623044691890800
1623044725223092
1623044758555436
1623044791887727
1623044825220019
1623044858552363
1623044891884654
1623044925216946
1623044958549291
1623044991881583
1623045025213873
1623045058546165
1623045091878509
1623045125210800
1623045158543093
1623045191875436
1623045225207727
1623045258540019
1623045291872363
1623045325204654
1623045358536946
1623045391869290
1623045425201582
1623045458533873
1623045491866165
1623045525198509
1623045558530800
1623045591863092
1623045625195437
1623045658527727
1623045691860019
1623045725192363
1623045758524655
1623045791856947
1623045825189290
1623045858521582
1623045891853873
1623045925186165
1623045958518509
1623045991850800
1623046025183092
1623046058515436
1623046091847727
1623046125180019
1623046158512363
1623046191844654
1623046225176946
1623046258509290
1623046291841582
1623046325173873
1623046358506165
1623046391838509
1623046425170801
1623046458503092
1623046491835436
1623046525167727
1623046558500019
1623046591832363
1623046625164654
1623046658496946
1623046691829290
1623046725161582
1623046758493873
1623046791826165
1623046825158510
1623046858490800
1623046891823092
1623046925155436
1623046958487727
1623046991820019
1623047025152363
1623047058484654
1623047091816946
1623047125149290
1623047158481582
1623047191813873
1623047225146165
1623047258478509
1623047291810800
1623047325143092
1623047358475436
1623047391807727
1623047425140019
1623047458472364
1623047491804654
1623047525136946
1623047558469290
1623047591801582
1623047625133874
1623047658466217
1623047691798509
1623047725130800
1623047758463092
1623047791795436
1623047825127727
1623047858460019
1623047891792363
1623047925124654
1623047958456946
1623047991789290
1623048025121582
1623048058453873
1623048091786165
1623048125118509
1623048158450800
1623048191783092
1623048225115436
1623048258447728
1623048291780020
1623048325112363
1623048358444654
1623048391776946
1623048425109290
1623048458441582
1623048491773873
1623048525106165
1623048558438509
1623048591770800
1623048625103092
1623048658435437
1623048691767727
1623048725100019
1623048758432363
1623048791764654
1623048825096946
1623048858429290
1623048891761582
1623048925093873
1623048958426165
1623048991758509
1623049025090800
1623049058423092
1623049091755436
1623049125087727
1623049158420019
1623049191752363
1623049225084654
1623049258416946
1623049291749291
1623049325081583
1623049358413873
1623049391746165
1623049425078509
1623049458410801
1623049491743093
1623049525075436
1623049558407727
1623049591740019
1623049625072363
1623049658404654
1623049691736946
1623049725069290
1623049758401582
1623049791733873
1623049825066165
1623049858398509
1623049891730800
1623049925063092
1623049958395436
1623049991727727
1623050025060019
1623050058392363
1623050091724655
1623050125056947
1623050158389290
1623050191721582
1623050225053873
1623050258386165
1623050291718509
1623050325050800
1623050358383092
1623050391715436
1623050425047727
1623050458380019
1623050491712363
1623050525044654
1623050558376946
1623050591709290
1623050625041582
1623050658373873
1623050691706165
1623050725038509
1623050758370801
1623050791703092
1623050825035436
1623050858367727
1623050891700019
1623050925032363
1623050958364654
1623050991696946
1623051025029290
1623051058361582
1623051091693873
1623051125026165
1623051158358510
1623051191690800
1623051225023092
1623051258355436
1623051291687727
1623051325020020
1623051358352363
1623051391684654
1623051425016946
1623051458349290
1623051491681582
1623051525013873
1623051558346165
1623051591678509
1623051625010800
1623051658343092
1623051691675436
1623051725007727
1623051758340019
1623051791672364
1623051825004654
1623051858336946
1623051891669290
1623051925001582
1623051958333874
1623051991666166
1623052024998509
1623052058330800
1623052091663092
1623052124995436
1623052158327727
1623052191660019
1623052224992363
1623052258324654
1623052291656946
1623052324989290
1623052358321583
1623052391653873
1623052424986165
1623052458318509
1623052491650800
1623052524983092
1623052558315436
1623052591647728
1623052624980019
1623052658312363
1623052691644654
1623052724976946
1623052758309290
1623052791641582
1623052824973873
1623052858306165
1623052891638509
1623052924970800
1623052958303092
1623052991635437
1623053024967727
1623053058300019
1623053091632363
1623053124964654
1623053158296947
1623053191629290
1623053224961582
1623053258293873
1623053291626165
1623053324958509
1623053358290800
1623053391623092
1623053424955436
1623053458287727
1623053491620019
1623053524952363
1623053558284654
1623053591616946
1623053624949291
1623053658281582
1623053691613873
1623053724946165
1623053758278509
1623053791610801
1623053824943093
1623053858275436
1623053891607727
1623053924940019
1623053958272363
1623053991604654
1623054024936946
1623054058269290
1623054091601582
1623054124933873
1623054158266165
1623054191598509
1623054224930800
1623054258263092
1623054291595436
1623054324927727
1623054358260019
1623054391592363
1623054424924655
1623054458256947
1623054491589290
1623054524921582
1623054558253873
1623054591586217
1623054624918509
1623054658250800
1623054691583092
1623054724915436
1623054758247727
1623054791580019
1623054824912364
1623054858244654
1623054891576946
1623054924909290
1623054958241582
1623054991573873
1623055024906166
1623055058238509
1623055091570800
1623055124903092
1623055158235436
1623055191567727
1623055224900019
1623055258232363
1623055291564654
1623055324896946
1623055358229290
1623055391561582
1623055424893873
1623055458226165
1623055491558510
1623055524890800
1623055558223092
1623055591555436
1623055624887728
1623055658220020
1623055691552363
1623055724884654
1623055758216946
1623055791549290
1623055824881582
1623055858213873
1623055891546165
1623055924878509
1623055958210800
1623055991543092
1623056024875436
1623056058207727
1623056091540019
1623056124872363
1623056158204654
1623056191536946
1623056224869290
1623056258201582
1623056291533874
1623056324866165
1623056358198509
1623056391530800
1623056424863092
1623056458195436
1623056491527727
1623056524860019
1623056558192363
1623056591524654
1623056624856946
1623056658189291
1623056691521583
1623056724853873
1623056758186165
1623056791518509
1623056824850800
1623056858183092
1623056891515436
1623056924847727
1623056958180019
1623056991512363
1623057024844654
1623057058176946
1623057091509290
1623057124841582
1623057158173873
1623057191506165
1623057224838509
1623057258170800
1623057291503092
1623057324835437
1623057358167727
1623057391500019
1623057424832363
1623057458164654
1623057491496947
1623057524829290
1623057558161582
1623057591493873
1623057624826165
1623057658158509
1623057691490800
1623057724823092
1623057758155436
1623057791487727
1623057824820019
1623057858152363
1623057891484654
1623057924816946
1623057958149291
1623057991481582
1623058024813873
1623058058146165
1623058091478509
1623058124810801
1623058158143093
1623058191475436
1623058224807727
1623058258140019
1623058291472363
1623058324804654
1623058358136946
1623058391469290
1623058424801582
1623058458133873
1623058491466165
1623058524798510
1623058558130800
1623058591463092
1623058624795436
1623058658127727
1623058691460019
1623058724792363
1623058758124655
1623058791456946
1623058824789290
1623058858121582
1623058891453873
1623058924786165
1623058958118509
1623058991450800
1623059024783092
1623059058115436
1623059091447727
1623059124780019
1623059158112364
1623059191444654
1623059224776946
1623059258109290
1623059291441582
1623059324773874
1623059358106166
1623059391438509
1623059424770800
1623059458103092
1623059491435436
1623059524767727
1623059558100019
1623059591432363
1623059624764654
1623059658096946
1623059691429290
1623059724761582
1623059758093873
1623059791426165
1623059824758509
1623059858090800
1623059891423092
1623059924755436
1623059958087728
1623059991420020
1623060024752363
1623060058084654
1623060091416946
1623060124749290
1623060158081582
1623060191413873
1623060224746165
1623060258078509
1623060291410800
1623060324743092
1623060358075436
1623060391407727
1623060424740019
1623060458072363
1623060491404654
1623060524736946
1623060558069290
1623060591401582
1623060624733874
1623060658066165
1623060691398509
1623060724730800
1623060758063092
1623060791395436
1623060824727727
1623060858060019
1623060891392363
1623060924724654
1623060958056946
1623060991389291
1623061024721583
1623061058053873
1623061091386165
1623061124718509
1623061158050800
1623061191383093
1623061224715436
1623061258047727
1623061291380019
1623061324712363
1623061358044654
1623061391376946
1623061424709290
1623061458041582
1623061491373873
1623061524706165
1623061558038509
1623061591370800
1623061624703092
1623061658035437
1623061691367727
1623061724700019
1623061758032363
1623061791364655
1623061824696947
1623061858029290
1623061891361582
1623061924693873
1623061958026165
1623061991358509
1623062024690800
1623062058023092
1623062091355436
1623062124687727
1623062158020019
1623062191352363
1623062224684654
1623062258016946
1623062291349290
1623062324681582
1623062358013873
1623062391346165
1623062424678509
1623062458010801
1623062491343092
1623062524675436
1623062558007727
1623062591340019
1623062624672363
1623062658004654
1623062691336946
1623062724669290
1623062758001582
1623062791333873
1623062824666165
1623062857998510
1623062891330800
1623062924663092
1623062957995436
1623062991327727
1623063024660019
1623063057992363
1623063091324654
1623063124656946
1623063157989290
1623063191321582
1623063224653873
1623063257986217
1623063291318509
1623063324650800
1623063357983092
1623063391315436
1623063424647727
1623063457980019
1623063491312364
1623063524644654
1623063557976946
1623063591309290
1623063624641582
1623063657973874
1623063691306166
1623063724638509
1623063757970800
1623063791303092
1623063824635436
1623063857967727
1623063891300019
1623063924632363
1623063957964654
1623063991296946
1623064024629290
1623064057961582
1623064091293873
1623064124626165
1623064157958509
1623064191290800
1623064224623092
1623064257955436
1623064291287728
1623064324620020
1623064357952363
1623064391284654
1623064424616946
1623064457949290
1623064491281582
1623064524613873
1623064557946165
1623064591278509
1623064624610800
1623064657943092
1623064691275437
1623064724607727
1623064757940019
1623064791272363
1623064824604654
1623064857936946
1623064891269290
1623064924601582
1623064957933873
1623064991266165
1623065024598509
1623065057930800
1623065091263092
1623065124595436
1623065157927727
1623065191260019
1623065224592363
1623065257924654
1623065291256946
1623065324589291
1623065357921583
1623065391253873
1623065424586165
1623065457918509
1623065491250801
1623065524583093
1623065557915436
1623065591247727
1623065624580019
1623065657912363
1623065691244654
1623065724576946
1623065757909290
1623065791241582
1623065824573873
1623065857906165
1623065891238509
1623065924570800
1623065957903092
1623065991235436
1623066024567727
1623066057900019
1623066091232363
1623066124564655
1623066157896947
1623066191229290
1623066224561582
1623066257893873
1623066291226165
1623066324558509
1623066357890800
1623066391223092
1623066424555436
1623066457887727
1623066491220019
1623066524552363
1623066557884654
1623066591216946
1623066624549290
1623066657881582
1623066691213873
1623066724546165
1623066757878509
1623066791210800
1623066824543092
1623066857875436
1623066891207727
1623066924540019
1623066957872363
1623066991204654
1623067024536946
1623067057869290
1623067091201582
1623067124533873
1623067157866165
1623067191198510
1623067224530800
1623067257863092
1623067291195436
1623067324527727
1623067357860020
1623067391192363
1623067424524654
1623067457856946
1623067491189290
1623067524521582
1623067557853873
1623067591186165
1623067624518509
1623067657850800
1623067691183092
1623067724515436
1623067757847727
1623067791180019
1623067824512364
1623067857844654
1623067891176946
1623067924509290
1623067957841582
1623067991173874
1623068024506166
1623068057838509
1623068091170800
1623068124503092
1623068157835436
1623068191167727
1623068224500019
1623068257832363
1623068291164654
1623068324496946
1623068357829290
1623068391161583
1623068424493873
1623068457826165
1623068491158509
1623068524490800
1623068557823092
1623068591155436
1623068624487728
1623068657820019
1623068691152363
1623068724484654
1623068757816946
1623068791149290
1623068824481582
1623068857813873
1623068891146165
1623068924478509
1623068957810800
1623068991143092
1623069024475437
1623069057807727
1623069091140019
1623069124472363
1623069157804654
1623069191136947
1623069224469290
1623069257801582
1623069291133873
1623069324466165
1623069357798509
1623069391130800
1623069424463092
1623069457795436
1623069491127727
1623069524460019
1623069557792363
1623069591124654
1623069624456946
1623069657789291
1623069691121582
1623069724453873
1623069757786165
1623069791118509
1623069824450801
1623069857783093
1623069891115436
1623069924447727
1623069957780019
1623069991112363
1623070024444654
1623070057776946
1623070091109290
1623070124441582
1623070157773873
1623070191106217
1623070224438509
1623070257770800
1623070291103092
1623070324435436
1623070357767727
1623070391100019
1623070424432363
1623070457764655
1623070491096947
1623070524429290
1623070557761582
1623070591093873
1623070624426165
1623070657758509
1623070691090800
1623070724423092
1623070757755436
1623070791087727
1623070824420019
1623070857752364
1623070891084654
1623070924416946
1623070957749290
1623070991081582
1623071024413873
1623071057746166
1623071091078509
1623071124410800
1623071157743092
1623071191075436
1623071224407727
1623071257740019
1623071291072363
1623071324404654
1623071357736946
1623071391069290
1623071424401582
1623071457733873
1623071491066165
1623071524398510
1623071557730800
1623071591063092
1623071624395436
1623071657727728
1623071691060020
1623071724392363
1623071757724654
1623071791056946
1623071824389290
1623071857721582
1623071891053873
1623071924386217
1623071957718509
1623071991050800
1623072024383092
1623072057715436
1623072091047727
1623072124380019
1623072157712363
1623072191044654
1623072224376946
1623072257709290
1623072291041582
1623072324373874
1623072357706165
1623072391038509
1623072424370800
1623072457703092
1623072491035436
1623072524367727
1623072557700019
1623072591032363
1623072624364654
1623072657696946
1623072691029291
1623072724361583
1623072757693873
1623072791026165
1623072824358509
1623072857690800
1623072891023092
1623072924355436
1623072957687727
1623072991020019
1623073024352363
1623073057684654
1623073091016946
1623073124349290
1623073157681582
1623073191013873
1623073224346165
1623073257678509
1623073291010800
1623073324343092
1623073357675437
1623073391007727
1623073424340019
1623073457672363
1623073491004654
1623073524336947
1623073557669290
1623073591001582
1623073624333873
1623073657666217
1623073690998509
1623073724330800
1623073757663092
1623073790995436
1623073824327727
1623073857660019
1623073890992363
1623073924324654
1623073957656946
1623073990989291
1623074024321582
1623074057653873
1623074090986165
1623074124318509
1623074157650801
1623074190983093
1623074224315436
1623074257647727
1623074290980019
1623074324312363
1623074357644654
1623074390976946
1623074424309290
1623074457641582
1623074490973873
1623074524306165
1623074557638510
1623074590970800
1623074624303092
1623074657635436
1623074690967727
1623074724300019
1623074757632363
1623074790964655
1623074824296946
1623074857629290
1623074890961582
1623074924293873
1623074957626165
1623074990958509
1623075024290800
1623075057623092
1623075090955436
1623075124287727
1623075157620019
1623075190952364
1623075224284654
1623075257616946
1623075290949290
1623075324281582
1623075357613874
1623075390946166
1623075424278509
1623075457610800
1623075490943092
1623075524275436
1623075557607727
1623075590940019
1623075624272363
1623075657604654
1623075690936946
1623075724269290
1623075757601582
1623075790933873
1623075824266165
1623075857598509
1623075890930800
1623075924263092
1623075957595436
1623075990927728
1623076024260020
1623076057592363
1623076090924654
1623076124256946
1623076157589290
1623076190921582
1623076224253873
1623076257586165
1623076290918509
1623076324250800
1623076357583092
1623076390915436
1623076424247727
1623076457580019
1623076490912363
1623076524244654
1623076557576946
1623076590909290
1623076624241582
1623076657573874
1623076690906165
1623076724238509
1623076757570800
1623076790903092
1623076824235436
1623076857567727
1623076890900019
1623076924232363
1623076957564654
1623076990896946
1623077024229291
1623077057561583
1623077090893873
1623077124226165
1623077157558509
1623077190890800
1623077224223093
1623077257555436
1623077290887727
1623077324220019
1623077357552363
1623077390884654
1623077424216946
1623077457549290
1623077490881582
1623077524213873
1623077557546165
1623077590878509
1623077624210800
1623077657543092
1623077690875437
1623077724207727
1623077757540019
1623077790872363
1623077824204655
1623077857536947
1623077890869290
1623077924201582
1623077957533873
1623077990866165
1623078024198509
1623078057530800
1623078090863092
1623078124195436
1623078157527727
1623078190860019
1623078224192363
1623078257524654
1623078290856946
1623078324189290
1623078357521582
1623078390853873
1623078424186165
1623078457518509
1623078490850801
1623078524183092
1623078557515436
1623078590847727
1623078624180019
1623078657512363
1623078690844654
1623078724176946
1623078757509290
1623078790841582
1623078824173873
1623078857506218
1623078890838510
1623078924170800
1623078957503092
1623078990835436
1623079024167727
1623079057500019
1623079090832363
1623079124164654
1623079157496946
1623079190829290
1623079224161582
1623079257493873
1623079290826165
1623079324158509
1623079357490800
1623079390823092
1623079424155436
1623079457487727
1623079490820019
1623079524152364
1623079557484654
1623079590816946
1623079624149290
1623079657481582
1623079690813874
1623079724146166
1623079757478509
1623079790810800
1623079824143092
1623079857475436
1623079890807727
1623079924140019
1623079957472363
1623079990804654
1623080024136946
1623080057469290
1623080090801582
1623080124133873
1623080157466165
1623080190798509
1623080224130800
1623080257463092
1623080290795436
1623080324127728
1623080357460020
1623080390792363
1623080424124654
1623080457456946
1623080490789290
1623080524121582
1623080557453873
1623080590786165
1623080624118509
1623080657450800
1623080690783092
1623080724115437
1623080757447727
1623080790780019
1623080824112363
1623080857444654
1623080890776946
1623080924109290
1623080957441582
1623080990773873
1623081024106165
1623081057438509
1623081090770800
1623081124103092
1623081157435436
1623081190767727
1623081224100019
1623081257432363
1623081290764654
1623081324096946
1623081357429291
1623081390761583
1623081424093873
1623081457426165
1623081490758509
1623081524090801
1623081557423093
1623081590755436
1623081624087727
1623081657420019
1623081690752363
1623081724084654
1623081757416946
1623081790749290
1623081824081582
1623081857413873
1623081890746165
1623081924078509
1623081957410800
1623081990743092
1623082024075436
1623082057407727
1623082090740019
1623082124072363
1623082157404655
1623082190736947
1623082224069290
1623082257401582
1623082290733873
1623082324066217
1623082357398509
1623082390730800
1623082424063092
1623082457395436
1623082490727727
1623082524060019
1623082557392364
1623082590724654
1623082624056946
1623082657389290
1623082690721582
1623082724053873
1623082757386165
1623082790718509
1623082824050800
1623082857383092
1623082890715436
1623082924047727
1623082957380019
1623082990712363
1623083024044654
1623083057376946
1623083090709290
1623083124041582
1623083157373873
1623083190706165
1623083224038510
1623083257370800
1623083290703092
1623083324035436
1623083357367727
1623083390700020
1623083424032363
1623083457364654
1623083490696946
1623083524029290
1623083557361582
1623083590693873
1623083624026165
1623083657358509
1623083690690800
1623083724023092
1623083757355436
1623083790687727
1623083824020019
1623083857352364
1623083890684654
1623083924016946
1623083957349290
1623083990681582
1623084024013874
1623084057346217
1623084090678509
1623084124010800
1623084157343092
1623084190675436
1623084224007727
1623084257340019
1623084290672363
1623084324004654
1623084357336946
1623084390669290
1623084424001583
1623084457333873
1623084490666165
1623084523998509
1623084557330800
1623084590663092
1623084623995436
1623084657327728
1623084690660019
1623084723992363
1623084757324654
1623084790656946
1623084823989290
1623084857321582
1623084890653873
1623084923986165
1623084957318509
1623084990650800
1623085023983092
1623085057315437
1623085090647727
1623085123980019
1623085157312363
1623085190644654
1623085223976947
1623085257309290
1623085290641582
1623085323973873
1623085357306165
1623085390638509
1623085423970800
1623085457303092
1623085490635436
1623085523967727
1623085557300019
1623085590632363
1623085623964654
1623085657296946
1623085690629291
1623085723961582
1623085757293873
1623085790626217
1623085823958509
1623085857290801
1623085890623093
1623085923955436
1623085957287727
1623085990620019
1623086023952363
1623086057284654
1623086090616946
1623086123949290
1623086157281582
1623086190613873
1623086223946165
1623086257278509
1623086290610800
1623086323943092
1623086357275436
1623086390607727
1623086423940019
1623086457272363
1623086490604655
1623086523936947
1623086557269290
1623086590601582
1623086623933873
1623086657266165
1623086690598509
1623086723930800
1623086757263092
1623086790595436
1623086823927727
1623086857260019
1623086890592364
1623086923924654
1623086957256946
1623086990589290
1623087023921582
1623087057253873
1623087090586166
1623087123918509
1623087157250800
1623087190583092
1623087223915436
1623087257247727
1623087290580019
1623087323912363
1623087357244654
1623087390576946
1623087423909290
1623087457241582
1623087490573873
1623087523906165
1623087557238510
1623087590570800
1623087623903092
1623087657235436
1623087690567728
1623087723900020
1623087757232363
1623087790564654
1623087823896946
1623087857229290
1623087890561582
1623087923893873
1623087957226165
1623087990558509
1623088023890800
1623088057223092
1623088090555436
1623088123887727
1623088157220019
1623088190552363
1623088223884654
1623088257216946
1623088290549290
1623088323881582
1623088357213874
1623088390546165
1623088423878509
1623088457210800
1623088490543092
1623088523875436
1623088557207727
1623088590540019
1623088623872363
1623088657204654
1623088690536946
1623088723869291
1623088757201583
1623088790533873
1623088823866165
1623088857198509
1623088890530800
1623088923863092
1623088957195436
1623088990527727
1623089023860019
1623089057192363
1623089090524654
1623089123856946
1623089157189290
1623089190521582
1623089223853873
1623089257186165
1623089290518509
1623089323850800
1623089357183092
1623089390515437
1623089423847727
1623089457180019
1623089490512363
1623089523844654
1623089557176947
1623089590509290
1623089623841582
1623089657173873
1623089690506165
1623089723838509
1623089757170800
1623089790503092
1623089823835436
1623089857167727
1623089890500019
1623089923832363
1623089957164654
1623089990496946
1623090023829291
1623090057161582
1623090090493873
1623090123826165
1623090157158509
1623090190490801
1623090223823093
1623090257155436
1623090290487727
1623090323820019
1623090357152363
1623090390484654
1623090423816946
1623090457149290
1623090490481582
1623090523813873
1623090557146165
1623090590478510
1623090623810800
1623090657143092
1623090690475436
1623090723807727
1623090757140019
1623090790472363
1623090823804655
1623090857136946
1623090890469290
1623090923801582
1623090957133873
1623090990466217
1623091023798509
1623091057130800
1623091090463092
1623091123795436
1623091157127727
1623091190460019
1623091223792364
1623091257124654
1623091290456946
1623091323789290
1623091357121582
1623091390453874
1623091423786166
1623091457118509
1623091490450800
1623091523783092
1623091557115436
1623091590447727
1623091623780019
1623091657112363
1623091690444654
1623091723776946
1623091757109290
1623091790441582
1623091823773873
1623091857106165
1623091890438509
1623091923770800
1623091957103092
1623091990435436
1623092023767728
1623092057100020
1623092090432363
1623092123764654
1623092157096946
1623092190429290
1623092223761582
1623092257093873
1623092290426217
1623092323758509
1623092357090800
1623092390423092
1623092423755436
1623092457087727
1623092490420019
1623092523752363
1623092557084654
1623092590416946
1623092623749290
1623092657081582
1623092690413874
1623092723746165
1623092757078509
1623092790410800
1623092823743092
1623092857075436
1623092890407727
1623092923740019
1623092957072363
1623092990404654
1623093023736946
1623093057069291
1623093090401583
1623093123733873
1623093157066165
1623093190398509
1623093223730800
1623093257063093
1623093290395436
1623093323727727
1623093357060019
1623093390392363
1623093423724654
1623093457056946
1623093490389290
1623093523721582
1623093557053873
1623093590386165
1623093623718509
1623093657050800
1623093690383092
1623093723715437
1623093757047727
1623093790380019
1623093823712363
1623093857044655
1623093890376947
1623093923709290
1623093957041582
1623093990373873
1623094023706165
1623094057038509
1623094090370800
1623094123703092
1623094157035436
1623094190367727
1623094223700019
1623094257032363
1623094290364654
1623094323696946
1623094357029290
1623094390361582
1623094423693873
1623094457026165
1623094490358509
1623094523690801
1623094557023092
1623094590355436
1623094623687727
1623094657020019
1623094690352363
1623094723684654
1623094757016946
1623094790349290
1623094823681582
1623094857013873
1623094890346165
1623094923678510
1623094957010800
1623094990343092
1623095023675436
1623095057007727
1623095090340019
1623095123672363
1623095157004654
1623095190336946
1623095223669290
1623095257001582
1623095290333873
1623095323666165
1623095356998509
1623095390330800
1623095423663092
1623095456995436
1623095490327727
1623095523660019
1623095556992364
1623095590324654
1623095623656946
1623095656989290
1623095690321582
1623095723653874
1623095756986166
1623095790318509
1623095823650800
1623095856983092
1623095890315436
1623095923647727
1623095956980019
1623095990312363
1623096023644654
1623096056976946
1623096090309290
1623096123641582
1623096156973873
1623096190306165
1623096223638509
1623096256970800
1623096290303092
1623096323635436
1623096356967728
1623096390300020
1623096423632363
1623096456964654
1623096490296946
1623096523629290
1623096556961582
1623096590293873
1623096623626165
1623096656958509
1623096690290800
1623096723623092
1623096756955437
1623096790287727
1623096823620019
1623096856952363
1623096890284654
1623096923616946
1623096956949290
1623096990281582
1623097023613873
1623097056946165
1623097090278509
1623097123610800
1623097156943092
1623097190275436
1623097223607727
1623097256940019
1623097290272363
1623097323604654
1623097356936946
1623097390269291
1623097423601583
1623097456933873
1623097490266217
1623097523598509
1623097556930801
1623097590263093
1623097623595436
1623097656927727
1623097690260019
1623097723592363
1623097756924654
1623097790256946
1623097823589290
1623097856921582
1623097890253873
1623097923586165
1623097956918509
1623097990250800
1623098023583092
1623098056915436
1623098090247727
1623098123580019
1623098156912363
1623098190244655
1623098223576947
1623098256909290
1623098290241582
1623098323573873
1623098356906165
1623098390238509
1623098423570800
1623098456903092
1623098490235436
1623098523567727
1623098556900019
1623098590232364
1623098623564654
1623098656896946
1623098690229290
1623098723561582
1623098756893873
1623098790226165
1623098823558509
1623098856890800
1623098890223092
1623098923555436
1623098956887727
1623098990220019
1623099023552363
1623099056884654
1623099090216946
1623099123549290
1623099156881582
1623099190213873
1623099223546218
1623099256878510
1623099290210800
1623099323543092
1623099356875436
1623099390207727
1623099423540020
1623099456872363
1623099490204654
1623099523536946
1623099556869290
1623099590201582
1623099623533873
1623099656866165
1623099690198509
1623099723530800
1623099756863092
1623099790195436
1623099823527727
1623099856860019
1623099890192364
1623099923524654
1623099956856946
1623099990189290
1623100023521582
1623100056853874
1623100090186166
1623100123518509
1623100156850800
1623100190183092
1623100223515436
1623100256847727
1623100290180019
1623100323512363
1623100356844654
1623100390176946
1623100423509290
1623100456841583
1623100490173873
1623100523506165
1623100556838509
1623100590170800
1623100623503092
1623100656835436
1623100690167728
1623100723500019
1623100756832363
1623100790164654
1623100823496946
1623100856829290
1623100890161582
1623100923493873
1623100956826165
1623100990158509
1623101023490800
1623101056823092
1623101090155437
1623101123487727
1623101156820019
1623101190152363
1623101223484654
1623101256816947
1623101290149290
1623101323481582
1623101356813873
1623101390146165
1623101423478509
1623101456810800
1623101490143092
1623101523475436
1623101556807727
1623101590140019
1623101623472363
1623101656804654
1623101690136946
1623101723469291
1623101756801582
1623101790133873
1623101823466165
1623101856798509
1623101890130801
1623101923463093
1623101956795436
1623101990127727
1623102023460019
1623102056792363
1623102090124654
1623102123456946
1623102156789290
1623102190121582
1623102223453873
1623102256786165
1623102290118509
1623102323450800
1623102356783092
1623102390115436
1623102423447727
1623102456780019
1623102490112363
1623102523444655
1623102556776947
1623102590109290
1623102623441582
1623102656773873
1623102690106217
1623102723438509
1623102756770800
1623102790103092
1623102823435436
1623102856767727
1623102890100019
1623102923432364
1623102956764654
1623102990096946
1623103023429290
1623103056761582
1623103090093873
1623103123426166
1623103156758509
1623103190090800
1623103223423092
1623103256755436
1623103290087727
1623103323420019
1623103356752363
1623103390084654
1623103423416946
1623103456749290
1623103490081582
1623103523413873
1623103556746165
1623103590078510
1623103623410800
1623103656743092
1623103690075436
1623103723407728
1623103756740020
1623103790072363
1623103823404654
1623103856736946
1623103890069290
1623103923401582
1623103956733873
1623103990066165
1623104023398509
1623104056730800
1623104090063092
1623104123395436
1623104156727727
1623104190060019
1623104223392363
1623104256724654
1623104290056946
1623104323389290
1623104356721582
1623104390053874
1623104423386165
1623104456718509
1623104490050800
1623104523383092
1623104556715436
1623104590047727
1623104623380019
1623104656712363
1623104690044654
1623104723376946
1623104756709291
1623104790041583
1623104823373873
1623104856706165
1623104890038509
1623104923370800
1623104956703092
1623104990035436
1623105023367727
1623105056700019
1623105090032363
1623105123364654
1623105156696946
1623105190029290
1623105223361582
1623105256693873
1623105290026165
1623105323358509
1623105356690800
1623105390023092
1623105423355437
1623105456687727
1623105490020019
1623105523352363
1623105556684654
1623105590016947
1623105623349290
1623105656681582
1623105690013873
1623105723346165
1623105756678509
1623105790010800
1623105823343092
1623105856675436
1623105890007727
1623105923340019
1623105956672363
1623105990004654
1623106023336946
1623106056669291
1623106090001582
1623106123333873
1623106156666217
1623106189998509
1623106223330801
1623106256663093
