773207698576637
773207731908929
773207765241272
773207798573564
773207831905856
773207865238147
773207898570491
773207931902783
773207965235074
773207998567418
773208031899710
773208065232002
773208098564345
773208131896637
773208165228929
773208198561220
773208231893564
773208265225856
773208298558199
773208331890491
773208365222783
773208398555074
773208431887418
773208465219710
773208498552002
773208531884345
773208565216637
773208598548929
773208631881220
773208665213564
773208698545856
773208731878147
773208765210491
773208798542783
773208831875074
773208865207418
773208898539710
773208931872002
773208965204345
773208998536637
773209031868929
773209065201220
773209098533564
773209131865856
773209165198147
773209198530491
773209231862783
773209265195074
773209298527418
773209331859710
773209365192002
773209398524345
773209431856637
773209465188929
773209498521220
773209531853564
773209565185856
773209598518147
773209631850491
773209665182783
773209698515074
773209731847418
773209765179710
773209798512002
773209831844345
773209865176637
773209898508929
773209931841220
773209965173564
773209998505856
773210031838199
773210065170491
773210098502783
773210131835074
773210165167418
773210198499710
773210231832002
773210265164345
773210298496637
773210331828929
773210365161220
773210398493564
773210431825856
773210465158147
773210498490491
773210531822783
773210565155074
773210598487418
773210631819710
773210665152002
773210698484345
773210731816637
773210765148929
773210798481220
773210831813564
773210865145856
773210898478147
773210931810491
773210965142783
773210998475074
773211031807418
773211065139710
773211098472002
773211131804345
773211165136637
773211198468929
773211231801220
773211265133564
773211298465856
773211331798147
773211365130491
773211398462783
773211431795074
773211465127418
773211498459710
773211531792002
773211565124345
773211598456637
773211631788929
773211665121220
773211698453564
773211731785856
773211765118199
773211798450491
773211831782783
773211865115074
773211898447418
773211931779710
773211965112002
773211998444345
773212031776637
773212065108929
773212098441220
773212131773564
773212165105856
773212198438147
773212231770491
773212265102783
773212298435074
773212331767418
773212365099710
773212398432002
773212431764345
773212465096637
773212498428929
773212531761220
773212565093564
773212598425856
773212631758147
773212665090491
773212698422783
773212731755074
773212765087418
773212798419710
773212831752002
773212865084345
773212898416637
773212931748929
773212965081220
773212998413564
773213031745856
773213065078147
773213098410491
773213131742783
773213165075074
773213198407418
773213231739710
773213265072002
773213298404345
773213331736637
773213365068929
773213398401220
773213431733564
773213465065856
773213498398199
773213531730491
773213565062783
773213598395074
773213631727418
773213665059710
773213698392002
773213731724345
773213765056637
773213798388929
773213831721220
773213865053564
773213898385856
773213931718199
773213965050491
773213998382783
773214031715074
773214065047418
773214098379710
773214131712002
773214165044345
773214198376637
773214231708929
773214265041220
773214298373564
773214331705856
773214365038147
773214398370491
773214431702783
773214465035074
773214498367418
773214531699710
773214565032002
773214598364345
773214631696637
773214665028929
773214698361272
773214731693564
773214765025856
773214798358147
773214831690491
773214865022783
773214898355074
773214931687418
773214965019710
773214998352002
773215031684345
773215065016637
773215098348929
773215131681220
773215165013564
773215198345856
773215231678199
773215265010491
773215298342783
773215331675074
773215365007418
773215398339710
773215431672002
773215465004345
773215498336637
773215531668929
773215565001220
773215598333564
773215631665856
773215664998147
773215698330491
773215731662783
773215764995074
773215798327418
773215831659710
773215864992002
773215898324345
773215931656637
773215964988929
773215998321220
773216031653564
773216064985856
773216098318147
773216131650491
773216164982783
773216198315074
773216231647418
773216264979710
773216298312002
773216331644345
773216364976637
773216398308929
773216431641220
773216464973564
773216498305856
773216531638199
773216564970491
773216598302783
773216631635074
773216664967418
773216698299710
773216731632002
773216764964345
773216798296637
773216831628929
773216864961220
773216898293564
773216931625856
773216964958147
773216998290491
773217031622783
773217064955074
773217098287418
773217131619710
773217164952002
773217198284345
773217231616637
773217264948929
773217298281220
773217331613564
773217364945856
773217398278147
773217431610491
773217464942783
773217498275074
773217531607418
773217564939710
773217598272002
773217631604345
773217664936637
773217698268929
773217731601220
773217764933564
773217798265856
773217831598147
773217864930491
773217898262783
773217931595074
773217964927418
773217998259710
773218031592002
773218064924345
773218098256637
773218131588929
773218164921220
773218198253564
773218231585856
773218264918147
773218298250491
773218331582783
773218364915074
773218398247418
773218431579710
773218464912002
773218498244345
773218531576637
773218564908929
773218598241220
773218631573564
773218664905856
773218698238147
773218731570491
773218764902783
773218798235074
773218831567418
773218864899710
773218898232002
773218931564345
773218964896637
773218998228929
773219031561220
773219064893564
773219098225856
773219131558147
773219164890491
773219198222783
773219231555074
773219264887418
773219298219710
773219331552002
773219364884345
773219398216637
773219431548929
773219464881220
773219498213564
773219531545856
773219564878147
773219598210491
773219631542783
773219664875074
773219698207418
773219731539710
773219764872002
773219798204345
773219831536637
773219864868929
773219898201220
773219931533564
773219964865856
773219998198199
773220031530491
773220064862783
773220098195074
773220131527418
773220164859710
773220198192002
773220231524345
773220264856637
773220298188929
773220331521220
773220364853564
773220398185856
773220431518147
773220464850491
773220498182783
773220531515074
773220564847418
773220598179710
773220631512002
773220664844345
773220698176637
773220731508929
773220764841220
773220798173564
773220831505856
773220864838147
773220898170491
773220931502783
773220964835074
773220998167418
773221031499710
773221064832002
773221098164345
773221131496637
773221164828929
773221198161220
773221231493564
773221264825856
773221298158147
773221331490491
773221364822783
773221398155074
773221431487418
773221464819710
773221498152002
773221531484345
773221564816637
773221598148929
773221631481220
773221664813564
773221698145856
773221731478199
773221764810491
773221798142783
773221831475074
773221864807418
773221898139710
773221931472002
773221964804345
773221998136637
773222031468929
773222064801220
773222098133564
773222131465856
773222164798147
773222198130491
773222231462783
773222264795074
773222298127418
773222331459710
773222364792002
773222398124345
773222431456637
773222464788929
773222498121220
773222531453564
773222564785856
773222598118147
773222631450491
773222664782783
773222698115074
773222731447418
773222764779710
773222798112002
773222831444345
773222864776637
773222898108929
773222931441220
773222964773564
773222998105856
773223031438147
773223064770491
773223098102783
773223131435074
773223164767418
773223198099710
773223231432002
773223264764345
773223298096637
773223331428929
773223364761220
773223398093564
773223431425856
773223464758199
773223498090491
773223531422783
773223564755074
773223598087418
773223631419710
773223664752002
773223698084345
773223731416637
773223764748929
773223798081220
773223831413564
773223864745856
773223898078147
773223931410491
773223964742783
773223998075074
773224031407418
773224064739710
773224098072002
773224131404345
773224164736637
773224198068929
773224231401220
773224264733564
773224298065856
773224331398147
773224364730491
773224398062783
773224431395074
773224464727418
773224498059710
773224531392002
773224564724345
773224598056637
773224631388929
773224664721220
773224698053564
773224731385856
773224764718147
773224798050491
773224831382783
773224864715074
773224898047418
773224931379710
773224964712002
773224998044345
773225031376637
773225064708929
773225098041220
773225131373564
773225164705856
773225198038199
773225231370491
773225264702783
773225298035074
773225331367418
773225364699710
773225398032002
773225431364345
773225464696637
773225498028929
773225531361220
773225564693564
773225598025856
773225631358147
773225664690491
773225698022783
773225731355074
773225764687418
773225798019710
773225831352002
773225864684345
773225898016637
773225931348929
773225964681220
773225998013564
773226031345856
773226064678147
773226098010491
773226131342783
773226164675074
773226198007418
773226231339710
773226264672002
773226298004345
773226331336637
773226364668929
773226398001220
773226431333564
773226464665856
773226497998147
773226531330491
773226564662783
773226597995074
773226631327418
773226664659710
773226697992002
773226731324345
773226764656637
773226797988929
773226831321220
773226864653564
773226897985856
773226931318199
773226964650491
773226997982783
773227031315074
773227064647418
773227097979710
773227131312002
773227164644345
773227197976637
773227231308929
773227264641220
773227297973564
773227331305856
773227364638147
773227397970491
773227431302783
773227464635074
773227497967418
773227531299710
773227564632002
773227597964345
773227631296637
773227664628929
773227697961220
773227731293564
773227764625856
773227797958147
773227831290491
773227864622783
773227897955074
773227931287418
773227964619710
773227997952002
773228031284345
773228064616637
773228097948929
773228131281220
773228164613564
773228197945856
773228231278147
773228264610491
773228297942783
773228331275074
773228364607418
773228397939710
773228431272002
773228464604345
773228497936637
773228531268929
773228564601220
773228597933564
773228631265856
773228664598199
773228697930491
773228731262783
773228764595074
773228797927418
773228831259710
773228864592002
773228897924345
773228931256637
773228964588929
773228997921220
773229031253564
773229064585856
773229097918147
773229131250491
773229164582783
773229197915074
773229231247418
773229264579710
773229297912002
773229331244345
773229364576637
773229397908929
773229431241220
773229464573564
773229497905856
773229531238147
773229564570491
773229597902783
773229631235074
773229664567418
773229697899710
773229731232002
773229764564345
773229797896637
773229831228929
773229864561220
773229897893564
773229931225856
773229964558147
773229997890491
773230031222783
773230064555074
773230097887418
773230131219710
773230164552002
773230197884345
773230231216637
773230264548929
773230297881220
773230331213564
773230364545856
773230397878199
773230431210491
773230464542783
773230497875074
773230531207418
773230564539710
773230597872002
773230631204345
773230664536637
773230697868929
773230731201220
773230764533564
773230797865856
773230831198147
773230864530491
773230897862783
773230931195074
773230964527418
773230997859710
773231031192002
773231064524345
773231097856637
773231131188929
773231164521220
773231197853564
773231231185856
773231264518147
773231297850491
773231331182783
773231364515074
773231397847418
773231431179710
773231464512002
773231497844345
773231531176637
773231564508929
773231597841220
773231631173564
773231664505856
773231697838147
773231731170491
773231764502783
773231797835074
773231831167418
773231864499710
773231897832002
773231931164345
773231964496637
773231997828929
773232031161220
773232064493564
773232097825856
773232131158199
773232164490491
773232197822783
773232231155074
773232264487418
773232297819710
773232331152002
773232364484345
773232397816637
773232431148929
773232464481220
773232497813564
773232531145856
773232564478147
773232597810491
773232631142783
773232664475074
773232697807418
773232731139710
773232764472002
773232797804345
773232831136637
773232864468929
773232897801220
773232931133564
773232964465856
773232997798147
773233031130491
773233064462783
773233097795074
773233131127418
773233164459710
773233197792002
773233231124345
773233264456637
773233297788929
773233331121220
773233364453564
773233397785856
773233431118147
773233464450491
773233497782783
773233531115074
773233564447418
773233597779710
773233631112002
773233664444345
773233697776637
773233731108929
773233764441220
773233797773564
773233831105856
773233864438199
773233897770491
773233931102783
773233964435074
773233997767418
773234031099710
773234064432002
773234097764345
773234131096637
773234164428929
773234197761220
773234231093564
773234264425856
773234297758147
773234331090491
773234364422783
773234397755074
773234431087418
773234464419710
773234497752002
773234531084345
773234564416637
773234597748929
773234631081220
773234664413564
773234697745856
773234731078147
773234764410491
773234797742783
773234831075074
773234864407418
773234897739710
773234931072002
773234964404345
773234997736637
773235031068929
773235064401272
773235097733564
773235131065856
773235164398147
773235197730491
773235231062783
773235264395074
773235297727418
773235331059710
773235364392002
773235397724345
773235431056637
773235464388929
773235497721220
773235531053564
773235564385856
773235597718199
773235631050491
773235664382783
773235697715074
773235731047418
773235764379710
773235797712002
773235831044345
773235864376637
773235897708929
773235931041220
773235964373564
773235997705856
773236031038199
773236064370491
773236097702783
773236131035074
773236164367418
773236197699710
773236231032002
773236264364345
773236297696637
773236331028929
773236364361220
773236397693564
773236431025856
773236464358147
773236497690491
773236531022783
773236564355074
773236597687418
773236631019710
773236664352002
773236697684345
773236731016637
773236764348929
773236797681220
773236831013564
773236864345856
773236897678147
773236931010491
773236964342783
773236997675074
773237031007418
773237064339710
773237097672002
773237131004345
773237164336637
773237197668929
773237231001220
773237264333564
773237297665856
773237330998199
773237364330491
773237397662783
773237430995074
773237464327418
773237497659710
773237530992002
773237564324345
773237597656637
773237630988929
773237664321220
773237697653564
773237730985856
773237764318147
773237797650491
773237830982783
773237864315074
773237897647418
773237930979710
773237964312002
773237997644345
773238030976637
773238064308929
773238097641220
773238130973564
773238164305856
773238197638147
773238230970491
773238264302783
773238297635074
773238330967418
773238364299710
773238397632002
773238430964345
773238464296637
773238497628929
773238530961220
773238564293564
773238597625856
773238630958147
773238664290491
773238697622783
773238730955074
773238764287418
773238797619710
773238830952002
773238864284345
773238897616637
773238930948929
773238964281220
773238997613564
773239030945856
773239064278147
773239097610491
773239130942783
773239164275074
773239197607418
773239230939710
773239264272002
773239297604345
773239330936637
773239364268929
773239397601220
773239430933564
773239464265856
773239497598147
773239530930491
773239564262783
773239597595074
773239630927418
773239664259710
773239697592002
773239730924345
773239764256637
773239797588929
773239830921220
773239864253564
773239897585856
773239930918147
773239964250491
773239997582783
773240030915074
773240064247418
773240097579710
773240130912002
773240164244345
773240197576637
773240230908929
773240264241220
773240297573564
773240330905856
773240364238147
773240397570491
773240430902783
773240464235074
773240497567418
773240530899710
773240564232002
773240597564345
773240630896637
773240664228929
773240697561220
773240730893564
773240764225856
773240797558147
773240830890491
773240864222783
773240897555074
773240930887418
773240964219710
773240997552002
773241030884345
773241064216637
773241097548929
773241130881220
773241164213564
773241197545856
773241230878199
773241264210491
773241297542783
773241330875074
773241364207418
773241397539710
773241430872002
773241464204345
773241497536637
773241530868929
773241564201220
773241597533564
773241630865856
773241664198147
773241697530491
773241730862783
773241764195074
773241797527418
773241830859710
773241864192002
773241897524345
773241930856637
773241964188929
773241997521272
773242030853564
773242064185856
773242097518147
773242130850491
773242164182783
773242197515074
773242230847418
773242264179710
773242297512002
773242330844345
773242364176637
773242397508929
773242430841220
773242464173564
773242497505856
773242530838147
773242564170491
773242597502783
773242630835074
773242664167418
773242697499710
773242730832002
773242764164345
773242797496637
773242830828929
773242864161220
773242897493564
773242930825856
773242964158147
773242997490491
773243030822783
773243064155074
773243097487418
773243130819710
773243164152002
773243197484345
773243230816637
773243264148929
773243297481220
773243330813564
773243364145856
773243397478147
773243430810491
773243464142783
773243497475074
773243530807418
773243564139710
773243597472002
773243630804345
773243664136637
773243697468929
773243730801272
773243764133564
773243797465856
773243830798147
773243864130491
773243897462783
773243930795074
773243964127418
773243997459710
773244030792002
773244064124345
773244097456637
773244130788929
773244164121220
773244197453564
773244230785856
773244264118199
773244297450491
773244330782783
773244364115074
773244397447418
773244430779710
773244464112002
773244497444345
773244530776637
773244564108929
773244597441220
773244630773564
773244664105856
773244697438147
773244730770491
773244764102783
773244797435074
773244830767418
773244864099710
773244897432002
773244930764345
773244964096637
773244997428929
773245030761220
773245064093564
773245097425856
773245130758147
773245164090491
773245197422783
773245230755074
773245264087418
773245297419710
773245330752002
773245364084345
773245397416637
773245430748929
773245464081220
773245497413564
773245530745856
773245564078147
773245597410491
773245630742783
773245664075074
773245697407418
773245730739710
773245764072002
773245797404345
773245830736637
773245864068929
773245897401220
773245930733564
773245964065856
773245997398199
773246030730491
773246064062783
773246097395074
773246130727418
773246164059710
773246197392002
773246230724345
773246264056637
773246297388929
773246330721220
773246364053564
773246397385856
773246430718147
773246464050491
773246497382783
773246530715074
773246564047418
773246597379710
773246630712002
773246664044345
773246697376637
773246730708929
773246764041220
773246797373564
773246830705856
773246864038147
773246897370491
773246930702783
773246964035074
773246997367418
773247030699710
773247064032002
773247097364345
773247130696637
773247164028929
773247197361220
773247230693564
773247264025856
773247297358147
773247330690491
773247364022783
773247397355074
773247430687418
773247464019710
773247497352002
773247530684345
773247564016637
773247597348929
773247630681220
773247664013564
773247697345856
773247730678199
773247764010491
773247797342783
773247830675074
773247864007418
773247897339710
773247930672002
773247964004345
773247997336637
773248030668929
773248064001220
773248097333564
773248130665856
773248163998147
773248197330491
773248230662783
773248263995074
773248297327418
773248330659710
773248363992002
773248397324345
773248430656637
773248463988929
773248497321220
773248530653564
773248563985856
773248597318147
773248630650491
773248663982783
773248697315074
773248730647418
773248763979710
773248797312002
773248830644345
773248863976637
773248897308929
773248930641220
773248963973564
773248997305856
773249030638147
773249063970491
773249097302783
773249130635074
773249163967418
773249197299710
773249230632002
773249263964345
773249297296637
773249330628929
773249363961220
773249397293564
773249430625856
773249463958199
773249497290491
773249530622783
773249563955074
773249597287418
773249630619710
773249663952002
773249697284345
773249730616637
773249763948929
773249797281220
773249830613564
773249863945856
773249897278147
773249930610491
773249963942783
773249997275074
773250030607418
773250063939710
773250097272002
773250130604345
773250163936637
773250197268929
773250230601220
773250263933564
773250297265856
773250330598147
773250363930491
773250397262783
773250430595074
773250463927418
773250497259710
773250530592002
773250563924345
773250597256637
773250630588929
773250663921220
773250697253564
773250730585856
773250763918147
773250797250491
773250830582783
773250863915074
773250897247418
773250930579710
773250963912002
773250997244345
773251030576637
773251063908929
773251097241220
773251130573564
773251163905856
773251197238199
773251230570491
773251263902783
773251297235074
773251330567418
773251363899710
773251397232002
773251430564345
773251463896637
773251497228929
773251530561220
773251563893564
773251597225856
773251630558147
773251663890491
773251697222783
773251730555074
773251763887418
773251797219710
773251830552002
773251863884345
773251897216637
773251930548929
773251963881220
773251997213564
773252030545856
773252063878147
773252097210491
773252130542783
773252163875074
773252197207418
773252230539710
773252263872002
773252297204345
773252330536637
773252363868929
773252397201220
773252430533564
773252463865856
773252497198147
773252530530491
773252563862783
773252597195074
773252630527418
773252663859710
773252697192002
773252730524345
773252763856637
773252797188929
773252830521220
773252863853564
773252897185856
773252930518199
773252963850491
773252997182783
773253030515074
773253063847418
773253097179710
773253130512002
773253163844345
773253197176637
773253230508929
773253263841220
773253297173564
773253330505856
773253363838147
773253397170491
773253430502783
773253463835074
773253497167418
773253530499710
773253563832002
773253597164345
773253630496637
773253663828929
773253697161220
773253730493564
773253763825856
773253797158147
773253830490491
773253863822783
773253897155074
773253930487418
773253963819710
773253997152002
773254030484345
773254063816637
773254097148929
773254130481220
773254163813564
773254197145856
773254230478199
773254263810491
773254297142783
773254330475074
773254363807418
773254397139710
773254430472002
773254463804345
773254497136637
773254530468929
773254563801220
773254597133564
773254630465856
773254663798147
773254697130491
773254730462783
773254763795074
773254797127418
773254830459710
773254863792002
773254897124345
773254930456637
773254963788929
773254997121220
773255030453564
773255063785856
773255097118147
773255130450491
773255163782783
773255197115074
773255230447418
773255263779710
773255297112002
773255330444345
773255363776637
773255397108929
773255430441220
773255463773564
773255497105856
773255530438147
773255563770491
773255597102783
773255630435074
773255663767418
773255697099710
773255730432002
773255763764345
773255797096637
773255830428929
773255863761220
773255897093564
773255930425856
773255963758199
773255997090491
773256030422783
773256063755074
773256097087418
773256130419710
773256163752002
773256197084345
773256230416637
773256263748929
773256297081220
773256330413564
773256363745856
773256397078147
773256430410491
773256463742783
773256497075074
773256530407418
773256563739710
773256597072002
773256630404345
773256663736637
773256697068929
773256730401220
773256763733564
773256797065856
773256830398147
773256863730491
773256897062783
773256930395074
773256963727418
773256997059710
773257030392002
773257063724345
773257097056637
773257130388929
773257163721272
773257197053564
773257230385856
773257263718147
773257297050491
773257330382783
773257363715074
773257397047418
773257430379710
773257463712002
773257497044345
773257530376637
773257563708929
773257597041220
773257630373564
773257663705856
773257697038199
773257730370491
773257763702783
773257797035074
773257830367418
773257863699710
773257897032002
773257930364345
773257963696637
773257997028929
773258030361220
773258063693564
773258097025856
773258130358147
773258163690491
773258197022783
773258230355074
773258263687418
773258297019710
773258330352002
773258363684345
773258397016637
773258430348929
773258463681220
773258497013564
773258530345856
773258563678147
773258597010491
773258630342783
773258663675074
773258697007418
773258730339710
773258763672002
773258797004345
773258830336637
773258863668929
773258897001220
773258930333564
773258963665856
773258996998147
773259030330491
773259063662783
773259096995074
773259130327418
773259163659710
773259196992002
773259230324345
773259263656637
773259296988929
773259330321220
773259363653564
773259396985856
773259430318199
773259463650491
773259496982783
773259530315074
773259563647418
773259596979710
773259630312002
773259663644345
773259696976637
773259730308929
773259763641220
773259796973564
773259830305856
773259863638147
773259896970491
773259930302783
773259963635074
773259996967418
773260030299710
773260063632002
773260096964345
773260130296637
773260163628929
773260196961220
773260230293564
773260263625856
773260296958147
773260330290491
773260363622783
773260396955074
773260430287418
773260463619710
773260496952002
773260530284345
773260563616637
773260596948929
773260630281220
773260663613564
773260696945856
773260730278147
773260763610491
773260796942783
773260830275074
773260863607418
773260896939710
773260930272002
773260963604345
773260996936637
773261030268929
773261063601220
773261096933564
773261130265856
773261163598199
773261196930491
773261230262783
773261263595074
773261296927418
773261330259710
773261363592002
773261396924345
773261430256637
773261463588929
773261496921220
773261530253564
773261563585856
773261596918147
773261630250491
773261663582783
773261696915074
773261730247418
773261763579710
773261796912002
773261830244345
773261863576637
773261896908929
773261930241220
773261963573564
773261996905856
773262030238147
773262063570491
773262096902783
773262130235074
773262163567418
773262196899710
773262230232002
773262263564345
773262296896637
773262330228929
773262363561220
773262396893564
773262430225856
773262463558147
773262496890491
773262530222783
773262563555074
773262596887418
773262630219710
773262663552002
773262696884345
773262730216637
773262763548929
773262796881220
773262830213564
773262863545856
773262896878199
773262930210491
773262963542783
773262996875074
773263030207418
773263063539710
773263096872002
773263130204345
773263163536637
773263196868929
773263230201220
773263263533564
773263296865856
773263330198147
773263363530491
773263396862783
773263430195074
773263463527418
773263496859710
773263530192002
773263563524345
773263596856637
773263630188929
773263663521220
773263696853564
773263730185856
773263763518147
773263796850491
773263830182783
773263863515074
773263896847418
773263930179710
773263963512002
773263996844345
773264030176637
773264063508929
773264096841220
773264130173564
773264163505856
773264196838147
773264230170491
773264263502783
773264296835074
773264330167418
773264363499710
773264396832002
773264430164345
773264463496637
773264496828929
773264530161220
773264563493564
773264596825856
773264630158199
773264663490491
773264696822783
773264730155074
773264763487418
773264796819710
773264830152002
773264863484345
773264896816637
773264930148929
773264963481220
773264996813564
773265030145856
773265063478147
773265096810491
773265130142783
773265163475074
773265196807418
773265230139710
773265263472002
773265296804345
773265330136637
773265363468929
773265396801220
773265430133564
773265463465856
773265496798147
773265530130491
773265563462783
773265596795074
773265630127418
773265663459710
773265696792002
773265730124345
773265763456637
773265796788929
773265830121220
773265863453564
773265896785856
773265930118147
773265963450491
773265996782783
773266030115074
773266063447418
773266096779710
773266130112002
773266163444345
773266196776637
773266230108929
773266263441220
773266296773564
773266330105856
773266363438199
773266396770491
773266430102783
773266463435074
773266496767418
773266530099710
773266563432002
773266596764345
773266630096637
773266663428929
773266696761220
773266730093564
773266763425856
773266796758147
773266830090491
773266863422783
773266896755074
773266930087418
773266963419710
773266996752002
773267030084345
773267063416637
773267096748929
773267130081220
773267163413564
773267196745856
773267230078147
773267263410491
773267296742783
773267330075074
773267363407418
773267396739710
773267430072002
773267463404345
773267496736637
773267530068929
773267563401272
773267596733564
773267630065856
773267663398147
773267696730491
773267730062783
773267763395074
773267796727418
773267830059710
773267863392002
773267896724345
773267930056637
773267963388929
773267996721220
773268030053564
773268063385856
773268096718147
773268130050491
773268163382783
773268196715074
773268230047418
773268263379710
773268296712002
773268330044345
773268363376637
773268396708929
773268430041220
773268463373564
773268496705856
773268530038199
773268563370491
773268596702783
773268630035074
773268663367418
773268696699710
773268730032002
773268763364345
773268796696637
773268830028929
773268863361220
773268896693564
773268930025856
773268963358147
773268996690491
773269030022783
773269063355074
773269096687418
773269130019710
773269163352002
773269196684345
773269230016637
773269263348929
773269296681220
773269330013564
773269363345856
773269396678147
773269430010491
773269463342783
773269496675074
773269530007418
773269563339710
773269596672002
773269630004345
773269663336637
773269696668929
773269730001220
773269763333564
773269796665856
773269829998199
773269863330491
773269896662783
773269929995074
773269963327418
773269996659710
773270029992002
773270063324345
773270096656637
773270129988929
773270163321220
773270196653564
773270229985856
773270263318147
773270296650491
773270329982783
773270363315074
773270396647418
773270429979710
773270463312002
773270496644345
773270529976637
773270563308929
773270596641220
773270629973564
773270663305856
773270696638147
773270729970491
773270763302783
773270796635074
773270829967418
773270863299710
773270896632002
773270929964345
773270963296637
773270996628929
773271029961220
773271063293564
773271096625856
773271129958147
773271163290491
773271196622783
773271229955074
773271263287418
773271296619710
773271329952002
773271363284345
773271396616637
773271429948929
773271463281220
773271496613564
773271529945856
773271563278199
773271596610491
773271629942783
773271663275074
773271696607418
773271729939710
773271763272002
773271796604345
773271829936637
773271863268929
773271896601220
773271929933564
773271963265856
773271996598147
773272029930491
773272063262783
773272096595074
773272129927418
773272163259710
773272196592002
773272229924345
773272263256637
773272296588929
773272329921220
773272363253564
773272396585856
773272429918147
773272463250491
773272496582783
773272529915074
773272563247418
773272596579710
773272629912002
773272663244345
773272696576637
773272729908929
773272763241272
773272796573564
773272829905856
773272863238147
773272896570491
773272929902783
773272963235074
773272996567418
773273029899710
773273063232002
773273096564345
773273129896637
773273163228929
773273196561220
773273229893564
773273263225856
773273296558147
773273329890491
773273363222783
773273396555074
773273429887418
773273463219710
773273496552002
773273529884345
773273563216637
773273596548929
773273629881220
773273663213564
773273696545856
773273729878147
773273763210491
773273796542783
773273829875074
773273863207418
773273896539710
773273929872002
773273963204345
773273996536637
773274029868929
773274063201220
773274096533564
773274129865856
773274163198147
773274196530491
773274229862783
773274263195074
773274296527418
773274329859710
773274363192002
773274396524345
773274429856637
773274463188929
773274496521220
773274529853564
773274563185856
773274596518147
773274629850491
773274663182783
773274696515074
773274729847418
773274763179710
773274796512002
773274829844345
773274863176637
773274896508929
773274929841220
773274963173564
773274996505856
773275029838199
773275063170491
773275096502783
773275129835074
773275163167418
773275196499710
773275229832002
773275263164345
773275296496637
773275329828929
773275363161220
773275396493564
773275429825856
773275463158147
773275496490491
773275529822783
773275563155074
773275596487418
773275629819710
773275663152002
773275696484345
773275729816637
773275763148929
773275796481220
773275829813564
773275863145856
773275896478147
773275929810491
773275963142783
773275996475074
773276029807418
773276063139710
773276096472002
773276129804345
773276163136637
773276196468929
773276229801220
773276263133564
773276296465856
773276329798147
773276363130491
773276396462783
773276429795074
773276463127418
773276496459710
773276529792002
773276563124345
773276596456637
773276629788929
773276663121220
773276696453564
773276729785856
773276763118199
773276796450491
773276829782783
773276863115074
773276896447418
773276929779710
773276963112002
773276996444345
773277029776637
773277063108929
773277096441220
773277129773564
773277163105856
773277196438147
773277229770491
773277263102783
773277296435074
773277329767418
773277363099710
773277396432002
773277429764345
773277463096637
773277496428929
773277529761220
773277563093564
773277596425856
773277629758147
773277663090491
773277696422783
773277729755074
773277763087418
773277796419710
773277829752002
773277863084345
773277896416637
773277929748929
773277963081220
773277996413564
773278029745856
773278063078147
773278096410491
773278129742783
773278163075074
773278196407418
773278229739710
773278263072002
773278296404345
773278329736637
773278363068929
773278396401220
773278429733564
773278463065856
773278496398199
773278529730491
773278563062783
773278596395074
773278629727418
773278663059710
773278696392002
773278729724345
773278763056637
773278796388929
773278829721220
773278863053564
773278896385856
773278929718147
773278963050491
773278996382783
773279029715074
773279063047418
773279096379710
773279129712002
773279163044345
773279196376637
773279229708929
773279263041220
773279296373564
773279329705856
773279363038147
773279396370491
773279429702783
773279463035074
773279496367418
773279529699710
773279563032002
773279596364345
773279629696637
773279663028929
773279696361272
773279729693564
773279763025856
773279796358147
773279829690491
773279863022783
773279896355074
773279929687418
773279963019710
773279996352002
773280029684345
773280063016637
773280096348929
773280129681220
773280163013564
