1198453939462725
1198453972795016
1198454006127308
1198454039459652
1198454072791944
1198454106124235
1198454139456527
1198454172788871
1198454206121162
1198454239453454
1198454272785799
1198454306118089
1198454339450381
1198454372782725
1198454406115017
1198454439447309
1198454472779601
1198454506111944
1198454539444235
1198454572776579
1198454606108871
1198454639441162
1198454672773454
1198454706105798
1198454739438089
1198454772770381
1198454806102725
1198454839435016
1198454872767308
1198454906099652
1198454939431944
1198454972764235
1198455006096579
1198455039428871
1198455072761163
1198455106093454
1198455139425798
1198455172758089
1198455206090381
1198455239422725
1198455272755016
1198455306087308
1198455339419652
1198455372751944
1198455406084235
1198455439416527
1198455472748872
1198455506081162
1198455539413454
1198455572745798
1198455606078089
1198455639410381
1198455672742725
1198455706075016
1198455739407308
1198455772739652
1198455806071944
1198455839404235
1198455872736579
1198455906068871
1198455939401162
1198455972733454
1198456006065798
1198456039398089
1198456072730381
1198456106062726
1198456139395016
1198456172727308
1198456206059600
1198456239391944
1198456272724236
1198456306056579
1198456339388871
1198456372721162
1198456406053454
1198456439385798
1198456472718089
1198456506050381
1198456539382725
1198456572715016
1198456606047308
1198456639379600
1198456672711944
1198456706044235
1198456739376527
1198456772708871
1198456806041162
1198456839373454
1198456872705798
1198456906038090
1198456939370382
1198456972702725
1198457006035016
1198457039367308
1198457072699652
1198457106031944
1198457139364235
1198457172696527
1198457206028871
1198457239361162
1198457272693454
1198457306025799
1198457339358089
1198457372690381
1198457406022725
1198457439355016
1198457472687308
1198457506019652
1198457539351944
1198457572684235
1198457606016579
1198457639348871
1198457672681162
1198457706013454
1198457739345798
1198457772678089
1198457806010381
1198457839342725
1198457872675016
1198457906007308
1198457939339600
1198457972671945
1198458006004235
1198458039336527
1198458072668871
1198458106001163
1198458139333455
1198458172665798
1198458205998089
1198458239330381
1198458272662725
1198458305995016
1198458339327308
1198458372659600
1198458405991944
1198458439324235
1198458472656527
1198458505988871
1198458539321162
1198458572653454
1198458605985798
1198458639318089
1198458672650381
1198458705982725
1198458739315017
1198458772647309
1198458805979652
1198458839311944
1198458872644235
1198458905976527
1198458939308871
1198458972641162
1198459005973454
1198459039305798
1198459072638089
1198459105970381
1198459139302725
1198459172635016
1198459205967308
1198459239299652
1198459272631944
1198459305964235
1198459339296579
1198459372628871
1198459405961163
1198459439293454
1198459472625798
1198459505958089
1198459539290381
1198459572622725
1198459605955016
1198459639287308
1198459672619652
1198459705951944
1198459739284235
1198459772616580
1198459805948872
1198459839281162
1198459872613454
1198459905945798
1198459939278089
1198459972610382
1198460005942725
1198460039275016
1198460072607308
1198460105939600
1198460139271944
1198460172604235
1198460205936579
1198460239268871
1198460272601162
1198460305933454
1198460339265798
1198460372598089
1198460405930381
1198460439262726
1198460472595016
1198460505927308
1198460539259652
1198460572591944
1198460605924236
1198460639256528
1198460672588871
1198460705921162
1198460739253454
1198460772585798
1198460805918089
1198460839250381
1198460872582725
1198460905915016
1198460939247308
1198460972579600
1198461005911945
1198461039244235
1198461072576579
1198461105908871
1198461139241162
1198461172573454
1198461205905798
1198461239238090
1198461272570381
1198461305902725
1198461339235016
1198461372567308
1198461405899600
1198461439231944
1198461472564235
1198461505896579
1198461539228871
1198461572561162
1198461605893454
1198461639225799
1198461672558089
1198461705890381
1198461739222725
1198461772555016
1198461805887308
1198461839219601
1198461872551944
1198461905884235
1198461939216579
1198461972548871
1198462005881162
1198462039213454
1198462072545798
1198462105878089
1198462139210381
1198462172542725
1198462205875016
1198462239207308
1198462272539653
1198462305871944
1198462339204235
1198462372536527
1198462405868871
1198462439201163
1198462472533455
1198462505865798
1198462539198089
1198462572530381
1198462605862725
1198462639195016
1198462672527308
1198462705859652
1198462739191944
1198462772524235
1198462805856579
1198462839188871
1198462872521162
1198462905853454
1198462939185798
1198462972518089
1198463005850381
1198463039182725
1198463072515017
1198463105847309
1198463139179600
1198463172511944
1198463205844235
1198463239176579
1198463272508871
1198463305841162
1198463339173454
1198463372505798
1198463405838089
1198463439170381
1198463472502726
1198463505835016
1198463539167308
1198463572499600
1198463605831944
1198463639164235
1198463672496579
1198463705828871
1198463739161162
1198463772493454
1198463805825798
1198463839158089
1198463872490381
1198463905822725
1198463939155016
1198463972487308
1198464005819652
1198464039151944
1198464072484235
1198464105816527
1198464139148872
1198464172481162
1198464205813454
1198464239145798
1198464272478090
1198464305810382
1198464339142725
1198464372475016
1198464405807308
1198464439139652
1198464472471944
1198464505804235
1198464539136579
1198464572468871
1198464605801162
1198464639133454
1198464672465798
1198464705798089
1198464739130381
1198464772462725
1198464805795016
1198464839127308
1198464872459600
1198464905791944
1198464939124236
1198464972456579
1198465005788871
1198465039121162
1198465072453454
1198465105785798
1198465139118089
1198465172450381
1198465205782725
1198465239115016
1198465272447308
1198465305779600
1198465339111945
1198465372444235
1198465405776527
1198465439108871
1198465472441162
1198465505773454
1198465539105798
1198465572438090
1198465605770381
1198465639102725
1198465672435016
1198465705767308
1198465739099652
1198465772431944
1198465805764235
1198465839096527
1198465872428871
1198465905761162
1198465939093454
1198465972425799
1198466005758089
1198466039090381
1198466072422725
1198466105755016
1198466139087309
1198466172419652
1198466205751944
1198466239084235
1198466272416579
1198466305748871
1198466339081162
1198466372413454
1198466405745798
1198466439078089
1198466472410381
1198466505742725
1198466539075016
1198466572407308
1198466605739600
1198466639071944
1198466672404235
1198466705736579
1198466739068871
1198466772401163
1198466805733455
1198466839065798
1198466872398089
1198466905730381
1198466939062725
1198466972395016
1198467005727308
1198467039059600
1198467072391944
1198467105724235
1198467139056527
1198467172388872
1198467205721162
1198467239053454
1198467272385798
1198467305718089
1198467339050381
1198467372382725
1198467405715017
1198467439047308
1198467472379652
1198467505711944
1198467539044235
1198467572376527
1198467605708871
1198467639041162
1198467672373454
1198467705705798
1198467739038089
1198467772370381
1198467805702726
1198467839035016
1198467872367308
1198467905699652
1198467939031944
1198467972364236
1198468005696579
1198468039028871
1198468072361162
1198468105693454
1198468139025798
1198468172358089
1198468205690381
1198468239022725
1198468272355016
1198468305687308
1198468339019600
1198468372351944
1198468405684235
1198468439016580
1198468472348871
1198468505681162
1198468539013454
1198468572345798
1198468605678090
1198468639010382
1198468672342725
1198468705675016
1198468739007308
1198468772339600
1198468805671944
1198468839004235
1198468872336527
1198468905668871
1198468939001162
1198468972333454
1198469005665798
1198469038998089
1198469072330381
1198469105662725
1198469138995016
1198469172327308
1198469205659652
1198469238991944
1198469272324236
1198469305656527
1198469338988871
1198469372321162
1198469405653454
1198469438985798
1198469472318089
1198469505650381
1198469538982725
1198469572315016
1198469605647308
1198469638979653
1198469672311945
1198469705644235
1198469738976579
1198469772308871
1198469805641162
1198469838973455
1198469872305798
1198469905638089
1198469938970381
1198469972302725
1198470005635016
1198470038967308
1198470072299600
1198470105631944
1198470138964235
1198470172296579
1198470205628871
1198470238961162
1198470272293454
1198470305625799
1198470338958089
1198470372290381
1198470405622725
1198470438955017
1198470472287309
1198470505619601
1198470538951944
1198470572284235
1198470605616527
1198470638948871
1198470672281162
1198470705613454
1198470738945798
1198470772278089
1198470805610381
1198470838942725
1198470872275016
1198470905607308
1198470938939652
1198470972271944
1198471005604235
1198471038936527
1198471072268871
1198471105601163
1198471138933454
1198471172265798
1198471205598089
1198471238930381
1198471272262725
1198471305595016
1198471338927308
1198471372259652
1198471405591944
1198471438924235
1198471472256580
1198471505588872
1198471538921162
1198471572253454
1198471605585798
1198471638918089
1198471672250381
1198471705582725
1198471738915016
1198471772247308
1198471805579600
1198471838911944
1198471872244235
1198471905576579
1198471938908871
1198471972241162
1198472005573454
1198472038905798
1198472072238089
1198472105570381
1198472138902726
1198472172235016
1198472205567308
1198472238899600
1198472272231944
1198472305564236
1198472338896528
1198472372228871
1198472405561162
1198472438893454
1198472472225798
1198472505558089
1198472538890381
1198472572222725
1198472605555016
1198472638887308
1198472672219652
1198472705551944
1198472738884235
1198472772216527
1198472805548871
1198472838881162
1198472872213454
1198472905545798
1198472938878090
1198472972210382
1198473005542725
1198473038875016
1198473072207308
1198473105539652
1198473138871944
1198473172204235
1198473205536579
1198473238868871
1198473272201162
1198473305533454
1198473338865799
1198473372198089
1198473405530381
1198473438862725
1198473472195016
1198473505527308
1198473538859601
1198473572191944
1198473605524235
1198473638856579
1198473672188871
1198473705521162
1198473738853454
1198473772185798
1198473805518089
1198473838850381
1198473872182725
1198473905515016
1198473938847308
1198473972179600
1198474005511945
1198474038844235
1198474072176527
1198474105508871
1198474138841163
1198474172173455
1198474205505798
1198474238838089
1198474272170381
1198474305502725
1198474338835016
1198474372167308
1198474405499652
1198474438831944
1198474472164235
1198474505496527
1198474538828871
1198474572161162
1198474605493454
1198474638825798
1198474672158089
1198474705490381
1198474738822725
1198474772155017
1198474805487309
1198474838819652
1198474872151944
1198474905484235
1198474938816579
1198474972148871
1198475005481162
1198475038813454
1198475072145798
1198475105478089
1198475138810381
1198475172142725
1198475205475016
1198475238807308
1198475272139600
1198475305471944
1198475338804235
1198475372136527
1198475405468871
1198475438801163
1198475472133454
1198475505465798
1198475538798089
1198475572130381
1198475605462725
1198475638795016
1198475672127308
1198475705459600
1198475738791944
1198475772124235
1198475805456527
1198475838788872
1198475872121162
1198475905453454
1198475938785798
1198475972118089
1198476005450382
1198476038782725
1198476072115016
1198476105447308
1198476138779652
1198476172111944
1198476205444235
1198476238776527
1198476272108871
1198476305441162
1198476338773454
1198476372105798
1198476405438089
1198476438770381
1198476472102726
1198476505435016
1198476538767308
1198476572099652
1198476605431944
1198476638764236
1198476672096579
1198476705428871
1198476738761162
1198476772093454
1198476805425798
1198476838758089
1198476872090381
1198476905422725
1198476938755016
1198476972087308
1198477005419600
1198477038751945
1198477072084235
1198477105416579
1198477138748871
1198477172081162
1198477205413454
1198477238745798
1198477272078090
1198477305410381
1198477338742725
1198477372075016
1198477405407308
1198477438739600
1198477472071944
1198477505404235
1198477538736579
1198477572068871
1198477605401162
1198477638733454
1198477672065799
1198477705398089
1198477738730381
1198477772062725
1198477805395016
1198477838727308
1198477872059652
1198477905391944
1198477938724235
1198477972056527
1198478005388871
1198478038721162
1198478072053454
1198478105385798
1198478138718089
1198478172050381
1198478205382725
1198478238715016
1198478272047308
1198478305379653
1198478338711944
1198478372044235
1198478405376579
1198478438708871
1198478472041163
1198478505373455
1198478538705798
1198478572038089
1198478605370381
1198478638702725
1198478672035016
1198478705367308
1198478738699600
1198478772031944
1198478805364235
1198478838696579
1198478872028871
1198478905361162
1198478938693454
1198478972025798
1198479005358089
1198479038690381
1198479072022725
1198479105355017
1198479138687309
1198479172019600
1198479205351944
1198479238684235
1198479272016579
1198479305348871
1198479338681162
1198479372013454
1198479405345798
1198479438678089
1198479472010381
1198479505342726
1198479538675016
1198479572007308
1198479605339652
1198479638671944
1198479672004235
1198479705336579
1198479738668871
1198479772001162
1198479805333454
1198479838665798
1198479871998089
1198479905330381
1198479938662725
1198479971995016
1198480005327308
1198480038659652
1198480071991944
1198480105324235
1198480138656580
1198480171988872
1198480205321162
1198480238653454
1198480271985798
1198480305318090
1198480338650382
1198480371982725
1198480405315016
1198480438647308
1198480471979600
1198480505311944
1198480538644235
1198480571976579
1198480605308871
1198480638641162
1198480671973454
1198480705305798
1198480738638089
1198480771970381
1198480805302725
1198480838635016
1198480871967308
1198480905299652
1198480938631944
1198480971964236
1198481005296527
1198481038628871
1198481071961162
1198481105293454
1198481138625798
1198481171958089
1198481205290381
1198481238622725
1198481271955016
1198481305287308
1198481338619652
1198481371951945
1198481405284235
1198481438616579
1198481471948871
1198481505281162
1198481538613454
1198481571945798
1198481605278090
1198481638610381
1198481671942725
1198481705275016
1198481738607308
1198481771939600
1198481805271944
1198481838604235
1198481871936579
1198481905268871
1198481938601162
1198481971933454
1198482005265799
1198482038598089
1198482071930381
1198482105262725
1198482138595016
1198482171927309
1198482205259601
1198482238591944
1198482271924235
1198482305256527
1198482338588871
1198482371921162
1198482405253454
1198482438585798
1198482471918089
1198482505250381
1198482538582725
1198482571915016
1198482605247308
1198482638579653
1198482671911944
1198482705244235
1198482738576527
1198482771908871
1198482805241163
1198482838573455
1198482871905798
1198482905238089
1198482938570381
1198482971902725
1198483005235016
1198483038567308
1198483071899652
1198483105231944
1198483138564235
1198483171896579
1198483205228872
1198483238561162
1198483271893454
1198483305225798
1198483338558089
1198483371890381
1198483405222725
1198483438555017
1198483471887308
1198483505219600
1198483538551944
1198483571884235
1198483605216579
1198483638548871
1198483671881162
1198483705213454
1198483738545798
1198483771878089
1198483805210381
1198483838542726
1198483871875016
1198483905207308
1198483938539600
1198483971871944
1198484005204236
1198484038536528
1198484071868871
1198484105201162
1198484138533454
1198484171865798
1198484205198089
1198484238530381
1198484271862725
1198484305195016
1198484338527308
1198484371859652
1198484405191944
1198484438524235
1198484471856527
1198484505188871
1198484538521162
1198484571853454
1198484605185798
1198484638518090
1198484671850382
1198484705182725
1198484738515016
1198484771847308
1198484805179652
1198484838511944
1198484871844235
1198484905176579
1198484938508871
1198484971841162
1198485005173454
1198485038505798
1198485071838089
1198485105170381
1198485138502725
1198485171835016
1198485205167308
1198485238499600
1198485271831944
1198485305164236
1198485338496579
1198485371828871
1198485405161162
1198485438493454
1198485471825798
1198485505158089
1198485538490381
1198485571822725
1198485605155016
1198485638487308
1198485671819600
1198485705151945
1198485738484235
1198485771816527
1198485805148871
1198485838481162
1198485871813455
1198485905145798
1198485938478089
1198485971810381
1198486005142725
1198486038475016
1198486071807308
1198486105139652
1198486138471944
1198486171804235
1198486205136527
1198486238468871
1198486271801162
1198486305133454
1198486338465799
1198486371798089
1198486405130381
1198486438462725
1198486471795017
1198486505127309
1198486538459652
1198486571791944
1198486605124235
1198486638456579
1198486671788871
1198486705121162
1198486738453454
1198486771785798
1198486805118089
1198486838450381
1198486871782725
1198486905115016
1198486938447308
1198486971779600
1198487005111944
1198487038444235
1198487071776579
1198487105108871
1198487138441163
1198487171773454
1198487205105798
1198487238438089
1198487271770381
1198487305102725
1198487338435016
1198487371767308
1198487405099600
1198487438431944
1198487471764235
1198487505096527
1198487538428872
1198487571761162
1198487605093454
1198487638425798
1198487671758089
1198487705090381
1198487738422725
1198487771755016
1198487805087308
1198487838419652
1198487871751944
1198487905084235
1198487938416527
1198487971748871
1198488005081162
1198488038413454
1198488071745798
1198488105078089
1198488138410381
1198488171742726
1198488205075016
1198488238407308
1198488271739600
1198488305071944
1198488338404236
1198488371736579
1198488405068871
1198488438401162
1198488471733454
1198488505065798
1198488538398089
1198488571730381
1198488605062725
1198488638395016
1198488671727308
1198488705059600
1198488738391944
1198488771724235
1198488805056580
1198488838388871
1198488871721162
1198488905053454
1198488938385798
1198488971718090
1198489005050382
1198489038382725
1198489071715016
1198489105047308
1198489138379600
1198489171711944
1198489205044235
1198489238376527
1198489271708871
1198489305041162
1198489338373454
1198489371705799
1198489405038089
1198489438370381
1198489471702725
1198489505035016
1198489538367308
1198489571699652
1198489605031944
1198489638364235
1198489671696527
1198489705028871
1198489738361162
1198489771693454
1198489805025798
1198489838358089
1198489871690381
1198489905022725
1198489938355016
1198489971687308
1198490005019653
1198490038351945
1198490071684235
1198490105016579
1198490138348871
1198490171681163
1198490205013455
1198490238345798
1198490271678089
1198490305010381
1198490338342725
1198490371675016
1198490405007308
1198490438339600
1198490471671944
1198490505004235
1198490538336579
1198490571668871
1198490605001162
1198490638333454
1198490671665798
1198490704998089
1198490738330381
1198490771662725
1198490804995017
1198490838327309
1198490871659600
1198490904991944
1198490938324235
1198490971656527
1198491004988871
1198491038321162
1198491071653454
1198491104985798
1198491138318089
1198491171650381
1198491204982725
1198491238315016
1198491271647308
1198491304979652
1198491338311944
1198491371644235
1198491404976527
1198491438308871
1198491471641163
1198491504973454
1198491538305798
1198491571638089
1198491604970381
1198491638302725
1198491671635016
1198491704967308
1198491738299600
1198491771631944
1198491804964235
1198491838296580
1198491871628872
1198491904961162
1198491938293454
1198491971625798
1198492004958089
1198492038290382
1198492071622725
1198492104955016
1198492138287308
1198492171619600
1198492204951944
1198492238284235
1198492271616579
1198492304948871
1198492338281162
1198492371613454
1198492404945798
1198492438278089
1198492471610381
1198492504942726
1198492538275016
1198492571607308
1198492604939600
1198492638271944
1198492671604236
1198492704936528
1198492738268871
1198492771601162
1198492804933454
1198492838265798
1198492871598089
1198492904930381
1198492938262725
1198492971595016
1198493004927308
1198493038259652
1198493071591945
1198493104924235
1198493138256527
1198493171588871
1198493204921162
1198493238253454
1198493271585798
1198493304918090
1198493338250381
1198493371582725
1198493404915016
1198493438247308
1198493471579600
1198493504911944
1198493538244235
1198493571576579
1198493604908871
1198493638241162
1198493671573454
1198493704905799
1198493738238089
1198493771570381
1198493804902725
1198493838235016
1198493871567308
1198493904899652
1198493938231944
1198493971564235
1198494004896579
1198494038228871
1198494071561162
1198494104893454
1198494138225798
1198494171558089
1198494204890381
1198494238222725
1198494271555016
1198494304887308
1198494338219600
1198494371551944
1198494404884235
1198494438216527
1198494471548871
1198494504881163
1198494538213455
1198494571545798
1198494604878089
1198494638210381
1198494671542725
1198494704875016
1198494738207308
1198494771539652
1198494804871944
1198494838204235
1198494871536527
1198494904868871
1198494938201162
1198494971533454
1198495004865798
1198495038198089
1198495071530381
1198495104862725
1198495138195017
1198495171527309
1198495204859652
1198495238191944
1198495271524235
1198495304856579
1198495338188871
1198495371521162
1198495404853454
1198495438185798
1198495471518089
1198495504850381
1198495538182726
1198495571515016
1198495604847308
1198495638179600
1198495671511944
1198495704844235
1198495738176579
1198495771508871
1198495804841162
1198495838173454
1198495871505798
1198495904838089
1198495938170381
1198495971502725
1198496004835016
1198496038167308
1198496071499600
1198496104831944
1198496138164235
1198496171496580
1198496204828872
1198496238161162
1198496271493454
1198496304825798
1198496338158090
1198496371490382
1198496404822725
1198496438155016
1198496471487308
1198496504819652
1198496538151944
1198496571484235
1198496604816527
1198496638148871
1198496671481162
1198496704813454
1198496738145798
1198496771478089
1198496804810381
1198496838142725
1198496871475016
1198496904807308
1198496938139652
1198496971471944
1198497004804236
1198497038136579
1198497071468871
1198497104801162
1198497138133454
1198497171465798
1198497204798089
1198497238130381
1198497271462725
1198497304795016
1198497338127308
1198497371459600
1198497404791945
1198497438124235
1198497471456579
1198497504788871
1198497538121162
1198497571453454
1198497604785798
1198497638118090
1198497671450381
1198497704782725
1198497738115016
1198497771447308
1198497804779600
1198497838111944
1198497871444235
1198497904776579
1198497938108871
1198497971441162
1198498004773454
1198498038105799
1198498071438089
1198498104770381
1198498138102725
1198498171435016
1198498204767309
1198498238099652
1198498271431944
1198498304764235
1198498338096527
1198498371428871
1198498404761162
