1622099250647546
1622099283979889
1622099317312181
1622099350644473
1622099383976817
1622099417309109
1622099450641401
1622099483973691
1622099517306035
1622099550638327
1622099583970619
1622099617302962
1622099650635254
1622099683967546
1622099717299889
1622099750632181
1622099783964473
1622099817296764
1622099850629108
1622099883961400
1622099917293691
1622099950626035
1622099983958327
1622100017290618
1622100050622963
1622100083955254
1622100117287546
1622100150619889
1622100183952181
1622100217284473
1622100250616765
1622100283949108
1622100317281400
1622100350613691
1622100383946035
1622100417278327
1622100450610618
1622100483942962
1622100517275254
1622100550607546
1622100583939889
1622100617272182
1622100650604474
1622100683936816
1622100717269108
1622100750601400
1622100783933691
1622100817266035
1622100850598327
1622100883930618
1622100917262962
1622100950595254
1622100983927546
1622101017259889
1622101050592181
1622101083924473
1622101117256816
1622101150589108
1622101183921400
1622101217253691
1622101250586036
1622101283918328
1622101317250618
1622101350582962
1622101383915254
1622101417247546
1622101450579889
1622101483912181
1622101517244473
1622101550576816
1622101583909108
1622101617241400
1622101650573691
1622101683906035
1622101717238327
1622101750570618
1622101783902962
1622101817235254
1622101850567546
1622101883899890
1622101917232182
1622101950564473
1622101983896764
1622102017229108
1622102050561400
1622102083893692
1622102117226035
1622102150558327
1622102183890618
1622102217222962
1622102250555254
1622102283887546
1622102317219889
1622102350552181
1622102383884473
1622102417216816
1622102450549108
1622102483881401
1622102517213691
1622102550546035
1622102583878327
1622102617210618
1622102650542962
1622102683875254
1622102717207546
1622102750539889
1622102783872181
1622102817204473
1622102850536764
1622102883869108
1622102917201400
1622102950533691
1622102983866035
1622103017198327
1622103050530618
1622103083862963
1622103117195255
1622103150527547
1622103183859889
1622103217192181
1622103250524473
1622103283856765
1622103317189108
1622103350521400
1622103383853691
1622103417186035
1622103450518327
1622103483850618
1622103517182962
1622103550515254
1622103583847546
1622103617179889
1622103650512181
1622103683844473
1622103717176817
1622103750509109
1622103783841400
1622103817173691
1622103850506035
1622103883838327
1622103917170619
1622103950502962
1622103983835254
1622104017167546
1622104050499889
1622104083832181
1622104117164473
1622104150496816
1622104183829108
1622104217161400
1622104250493691
1622104283826035
1622104317158327
1622104350490618
1622104383822962
1622104417155254
1622104450487546
1622104483819889
1622104517152181
1622104550484473
1622104583816816
1622104617149108
1622104650481400
1622104683813691
1622104717146035
1622104750478327
1622104783810618
1622104817142962
1622104850475254
1622104883807546
1622104917139889
1622104950472182
1622104983804474
1622105017136764
1622105050469108
1622105083801400
1622105117133691
1622105150466035
1622105183798327
1622105217130618
1622105250462962
1622105283795254
1622105317127546
1622105350459889
1622105383792181
1622105417124473
1622105450456764
1622105483789108
1622105517121400
1622105550453691
1622105583786036
1622105617118328
1622105650450618
1622105683782962
1622105717115254
1622105750447546
1622105783779889
1622105817112181
1622105850444473
1622105883776816
1622105917109108
1622105950441400
1622105983773691
1622106017106035
1622106050438327
1622106083770618
1622106117102962
1622106150435254
1622106183767547
1622106217099890
1622106250432181
1622106283764473
1622106317096764
1622106350429108
1622106383761400
1622106417093692
1622106450426035
1622106483758327
1622106517090618
1622106550422962
1622106583755254
1622106617087546
1622106650419889
1622106683752181
1622106717084473
1622106750416764
1622106783749109
1622106817081401
1622106850413691
1622106883746035
1622106917078327
1622106950410618
1622106983742962
1622107017075254
1622107050407546
1622107083739889
1622107117072181
1622107150404473
1622107183736764
1622107217069108
1622107250401400
1622107283733691
1622107317066035
1622107350398327
1622107383730618
1622107417062963
1622107450395255
1622107483727546
1622107517059889
1622107550392181
1622107583724473
1622107617056816
1622107650389108
1622107683721400
1622107717053691
1622107750386035
1622107783718327
1622107817050618
1622107850382962
1622107883715254
1622107917047546
1622107950379889
1622107983712181
1622108017044473
1622108050376817
1622108083709109
1622108117041400
1622108150373691
1622108183706035
1622108217038327
1622108250370619
1622108283702962
1622108317035254
1622108350367546
1622108383699889
1622108417032181
1622108450364473
1622108483696764
1622108517029108
1622108550361400
1622108583693691
1622108617026035
1622108650358328
1622108683690618
1622108717022962
1622108750355254
1622108783687546
1622108817019889
1622108850352181
1622108883684473
1622108917016764
1622108950349108
1622108983681400
1622109017013691
1622109050346035
1622109083678327
1622109117010618
1622109150342962
1622109183675254
1622109217007546
1622109250339890
1622109283672182
1622109317004474
1622109350336816
1622109383669108
1622109417001400
1622109450333692
1622109483666035
1622109516998327
1622109550330618
1622109583662962
1622109616995254
1622109650327546
1622109683659889
1622109716992181
1622109750324473
1622109783656816
1622109816989108
1622109850321400
1622109883653691
1622109916986036
1622109950318327
1622109983650618
1622110016982962
1622110050315254
1622110083647546
1622110116979889
1622110150312181
1622110183644473
1622110216976764
1622110250309108
1622110283641400
1622110316973691
1622110350306035
1622110383638327
1622110416970618
1622110450302962
1622110483635254
1622110516967547
1622110550299889
1622110583632181
1622110616964473
1622110650296764
1622110683629108
1622110716961400
1622110750293692
1622110783626035
1622110816958327
1622110850290618
1622110883622962
1622110916955254
1622110950287546
1622110983619889
1622111016952181
1622111050284473
1622111083616816
1622111116949109
1622111150281401
1622111183613691
1622111216946035
1622111250278327
1622111283610618
1622111316942962
1622111350275254
1622111383607546
1622111416939889
1622111450272181
1622111483604473
1622111516936816
1622111550269108
1622111583601400
1622111616933691
1622111650266035
1622111683598327
1622111716930618
1622111750262963
1622111783595255
1622111816927546
1622111850259889
1622111883592181
1622111916924473
1622111950256765
1622111983589108
1622112016921400
1622112050253691
1622112083586035
1622112116918327
1622112150250618
1622112183582962
1622112216915254
1622112250247546
1622112283579889
1622112316912181
1622112350244474
1622112383576764
1622112416909108
1622112450241400
1622112483573691
1622112516906035
1622112550238327
1622112583570619
1622112616902962
1622112650235254
1622112683567546
1622112716899889
1622112750232181
1622112783564473
1622112816896816
1622112850229108
1622112883561400
1622112916893691
1622112950226036
1622112983558328
1622113016890618
1622113050222962
1622113083555254
1622113116887546
1622113150219889
1622113183552181
1622113216884473
1622113250216764
1622113283549108
1622113316881400
1622113350213691
1622113383546035
1622113416878327
1622113450210618
1622113483542962
1622113516875254
1622113550207546
1622113583539890
1622113616872182
1622113650204473
1622113683536764
1622113716869108
1622113750201400
1622113783533692
1622113816866035
1622113850198327
1622113883530618
1622113916862962
1622113950195254
1622113983527546
1622114016859889
1622114050192181
1622114083524473
1622114116856764
1622114150189108
1622114183521400
1622114216853691
1622114250186036
1622114283518327
1622114316850618
1622114350182962
1622114383515254
1622114416847546
1622114450179889
1622114483512181
1622114516844473
1622114550176816
1622114583509108
1622114616841400
1622114650173691
1622114683506035
1622114716838327
1622114750170618
1622114783502962
1622114816835255
1622114850167547
1622114883499889
1622114916832181
1622114950164473
1622114983496764
1622115016829108
1622115050161400
1622115083493691
1622115116826035
1622115150158327
1622115183490618
1622115216822962
1622115250155254
1622115283487546
1622115316819889
1622115350152181
1622115383484473
1622115416816764
1622115450149109
1622115483481401
1622115516813691
1622115550146035
1622115583478327
1622115616810619
1622115650142962
1622115683475254
1622115716807546
1622115750139889
1622115783472181
1622115816804473
1622115850136764
1622115883469108
1622115916801400
1622115950133691
1622115983466035
1622116016798327
1622116050130618
1622116083462963
1622116116795254
1622116150127546
1622116183459889
1622116216792181
1622116250124473
1622116283456765
1622116316789108
1622116350121400
1622116383453691
1622116416786035
1622116450118327
1622116483450618
1622116516782962
1622116550115254
1622116583447546
1622116616779889
1622116650112182
1622116683444474
1622116716776764
1622116750109108
1622116783441400
1622116816773691
1622116850106035
1622116883438327
1622116916770618
1622116950102962
1622116983435254
1622117016767546
1622117050099889
1622117083432181
1622117116764473
1622117150096764
1622117183429108
1622117216761400
1622117250093691
1622117283426036
1622117316758328
1622117350090618
1622117383422962
1622117416755254
1622117450087546
1622117483419889
1622117516752181
1622117550084473
1622117583416816
1622117616749108
1622117650081400
1622117683413691
1622117716746035
1622117750078327
1622117783410618
1622117816742962
1622117850075254
1622117883407546
1622117916739890
1622117950072182
1622117983404473
1622118016736816
1622118050069108
1622118083401400
1622118116733692
1622118150066035
1622118183398327
1622118216730618
1622118250062962
1622118283395254
1622118316727546
1622118350059889
1622118383392181
1622118416724473
1622118450056816
1622118483389108
1622118516721401
1622118550053691
1622118583386035
1622118616718327
1622118650050618
1622118683382962
1622118716715254
1622118750047546
1622118783379889
1622118816712181
1622118850044473
1622118883376764
1622118916709108
1622118950041400
1622118983373691
1622119016706035
1622119050038327
1622119083370618
1622119116702963
1622119150035255
1622119183367547
1622119216699889
1622119250032181
1622119283364473
1622119316696816
1622119350029108
1622119383361400
1622119416693691
1622119450026035
1622119483358327
1622119516690618
1622119550022962
1622119583355254
1622119616687546
1622119650019889
1622119683352181
1622119716684473
1622119750016764
1622119783349109
1622119816681400
1622119850013691
1622119883346035
1622119916678327
1622119950010619
1622119983342962
1622120016675254
1622120050007546
1622120083339889
1622120116672181
1622120150004473
1622120183336764
1622120216669108
1622120250001400
1622120283333691
1622120316666035
1622120349998327
1622120383330618
1622120416662962
1622120449995254
1622120483327546
1622120516659889
1622120549992181
1622120583324473
1622120616656765
1622120649989108
1622120683321400
1622120716653691
1622120749986035
1622120783318327
1622120816650618
1622120849982962
1622120883315254
1622120916647546
1622120949979889
1622120983312182
1622121016644474
1622121049976816
1622121083309108
1622121116641400
1622121149973691
1622121183306035
1622121216638327
1622121249970618
1622121283302962
1622121316635254
1622121349967546
1622121383299889
1622121416632181
1622121449964473
1622121483296764
1622121516629108
1622121549961400
1622121583293691
1622121616626036
1622121649958328
1622121683290618
1622121716622962
1622121749955254
1622121783287546
1622121816619889
1622121849952181
1622121883284473
1622121916616764
1622121949949108
1622121983281400
1622122016613691
1622122049946035
1622122083278327
1622122116610618
1622122149942962
1622122183275254
1622122216607547
1622122249939890
1622122283272181
1622122316604473
1622122349936764
1622122383269108
1622122416601400
1622122449933692
1622122483266035
1622122516598327
1622122549930618
1622122583262962
1622122616595254
1622122649927546
1622122683259889
1622122716592181
1622122749924473
1622122783256816
1622122816589109
1622122849921401
1622122883253691
1622122916586035
1622122949918327
1622122983250618
1622123016582962
1622123049915254
1622123083247546
1622123116579889
1622123149912181
1622123183244473
1622123216576816
1622123249909108
1622123283241400
1622123316573691
1622123349906035
1622123383238327
1622123416570618
1622123449902963
1622123483235255
1622123516567546
1622123549899889
1622123583232181
1622123616564473
1622123649896765
1622123683229108
1622123716561400
1622123749893691
1622123783226035
1622123816558327
1622123849890618
1622123883222962
1622123916555254
1622123949887546
1622123983219889
1622124016552181
1622124049884473
1622124083216764
1622124116549109
1622124149881400
1622124183213691
1622124216546035
1622124249878327
1622124283210619
1622124316542962
1622124349875254
1622124383207546
1622124416539889
1622124449872181
1622124483204473
1622124516536816
1622124549869108
1622124583201400
1622124616533691
1622124649866035
1622124683198328
1622124716530618
1622124749862962
1622124783195254
1622124816527546
1622124849859889
1622124883192181
1622124916524473
1622124949856816
1622124983189108
1622125016521400
1622125049853691
1622125083186035
1622125116518327
1622125149850618
1622125183182962
1622125216515254
1622125249847546
1622125283179890
1622125316512182
1622125349844474
1622125383176764
1622125416509108
1622125449841400
1622125483173692
1622125516506035
1622125549838327
1622125583170618
1622125616502962
1622125649835254
1622125683167546
1622125716499889
1622125749832181
1622125783164473
1622125816496764
1622125849829108
1622125883161400
1622125916493691
1622125949826036
1622125983158327
1622126016490618
1622126049822962
1622126083155254
1622126116487546
1622126149819889
1622126183152181
1622126216484473
1622126249816816
1622126283149108
1622126316481400
1622126349813691
1622126383146035
1622126416478327
1622126449810618
1622126483142962
1622126516475254
1622126549807547
1622126583139889
1622126616472181
1622126649804473
1622126683136764
1622126716469108
1622126749801400
1622126783133692
1622126816466035
1622126849798327
1622126883130618
1622126916462962
1622126949795254
1622126983127546
1622127016459889
1622127049792181
1622127083124473
1622127116456764
1622127149789109
1622127183121401
1622127216453691
1622127249786035
1622127283118327
1622127316450618
1622127349782962
1622127383115254
1622127416447546
1622127449779889
1622127483112181
1622127516444473
1622127549776764
1622127583109108
1622127616441400
1622127649773691
1622127683106035
1622127716438327
1622127749770618
1622127783102963
1622127816435255
1622127849767546
1622127883099889
1622127916432181
1622127949764473
1622127983096816
1622128016429108
1622128049761400
1622128083093691
1622128116426035
1622128149758327
1622128183090618
1622128216422962
1622128249755254
1622128283087546
1622128316419889
1622128349752181
1622128383084474
1622128416416817
1622128449749108
1622128483081400
1622128516413691
1622128549746035
1622128583078327
1622128616410619
1622128649742962
1622128683075254
1622128716407546
1622128749739889
1622128783072181
1622128816404473
1622128849736764
1622128883069108
1622128916401400
1622128949733691
1622128983066036
1622129016398328
1622129049730618
1622129083062962
1622129116395254
1622129149727546
1622129183059889
1622129216392181
1622129249724473
1622129283056764
1622129316389108
1622129349721400
1622129383053691
1622129416386035
1622129449718327
1622129483050618
1622129516382962
1622129549715254
1622129583047546
1622129616379890
1622129649712182
1622129683044473
1622129716376816
1622129749709108
1622129783041400
1622129816373692
1622129849706035
1622129883038327
1622129916370618
1622129949702962
1622129983035254
1622130016367546
1622130049699889
1622130083032181
1622130116364473
1622130149696764
1622130183029108
1622130216361400
1622130249693691
1622130283026036
1622130316358327
1622130349690618
1622130383022962
1622130416355254
1622130449687546
1622130483019889
1622130516352181
1622130549684473
1622130583016764
1622130616349108
1622130649681400
1622130683013691
1622130716346035
1622130749678327
1622130783010618
1622130816342962
1622130849675255
1622130883007547
1622130916339889
1622130949672181
1622130983004473
1622131016336764
1622131049669108
1622131083001400
1622131116333691
1622131149666035
1622131182998327
1622131216330618
1622131249662962
1622131282995254
1622131316327546
1622131349659889
1622131382992181
1622131416324473
1622131449656817
1622131482989109
1622131516321401
1622131549653691
1622131582986035
1622131616318327
1622131649650619
1622131682982962
1622131716315254
1622131749647546
1622131782979889
1622131816312181
1622131849644473
1622131882976764
1622131916309108
1622131949641400
1622131982973691
1622132016306035
1622132049638327
1622132082970618
1622132116302963
1622132149635254
1622132182967546
1622132216299889
1622132249632181
1622132282964473
1622132316296765
1622132349629108
1622132382961400
1622132416293691
1622132449626035
1622132482958327
1622132516290618
1622132549622962
1622132582955254
1622132616287546
1622132649619889
1622132682952182
1622132716284474
1622132749616764
1622132782949108
1622132816281400
1622132849613691
1622132882946035
1622132916278327
1622132949610618
1622132982942962
1622133016275254
1622133049607546
1622133082939889
1622133116272181
1622133149604473
1622133182936816
1622133216269108
1622133249601400
1622133282933691
1622133316266036
1622133349598328
1622133382930618
1622133416262962
1622133449595254
1622133482927546
1622133516259889
1622133549592181
1622133582924473
1622133616256816
1622133649589108
1622133682921400
1622133716253691
1622133749586035
1622133782918327
1622133816250618
1622133849582962
1622133882915254
1622133916247546
1622133949579890
1622133982912182
1622134016244473
1622134049576816
1622134082909108
1622134116241400
1622134149573692
1622134182906035
1622134216238327
1622134249570618
1622134282902962
1622134316235254
1622134349567546
1622134382899889
1622134416232181
1622134449564473
1622134482896764
1622134516229108
1622134549561401
1622134582893691
1622134616226035
1622134649558327
1622134682890618
1622134716222962
1622134749555254
1622134782887546
1622134816219889
1622134849552181
1622134882884473
1622134916216816
1622134949549108
1622134982881400
1622135016213691
1622135049546035
1622135082878327
1622135116210618
1622135149542963
1622135182875255
1622135216207547
1622135249539889
1622135282872181
1622135316204473
1622135349536765
1622135382869108
1622135416201400
1622135449533691
1622135482866035
1622135516198327
1622135549530618
1622135582862962
1622135616195254
1622135649527546
1622135682859889
1622135716192181
1622135749524473
1622135782856764
1622135816189109
1622135849521400
1622135882853691
1622135916186035
1622135949518327
1622135982850619
1622136016182962
1622136049515254
1622136082847546
1622136116179889
1622136149512181
1622136182844473
1622136216176764
1622136249509108
1622136282841400
1622136316173691
1622136349506035
1622136382838327
1622136416170618
1622136449502962
1622136482835254
1622136516167546
1622136549499889
1622136582832181
1622136616164473
1622136649496816
1622136682829108
1622136716161400
1622136749493691
1622136782826035
1622136816158327
1622136849490618
1622136882822962
1622136916155254
1622136949487546
1622136982819889
1622137016152182
1622137049484474
1622137082816764
1622137116149108
1622137149481400
1622137182813691
1622137216146035
1622137249478327
1622137282810618
1622137316142962
1622137349475254
1622137382807546
1622137416139889
1622137449472181
1622137482804473
1622137516136816
1622137549469108
1622137582801400
1622137616133691
1622137649466036
1622137682798328
1622137716130618
1622137749462962
1622137782795254
1622137816127546
1622137849459889
1622137882792181
1622137916124473
1622137949456764
1622137982789108
1622138016121400
1622138049453691
1622138082786035
1622138116118327
1622138149450618
1622138182782962
1622138216115254
1622138249447547
1622138282779890
1622138316112181
1622138349444473
1622138382776816
1622138416109108
1622138449441400
1622138482773692
1622138516106035
1622138549438327
1622138582770618
1622138616102962
1622138649435254
1622138682767546
1622138716099889
1622138749432181
1622138782764473
1622138816096764
1622138849429109
1622138882761401
1622138916093691
1622138949426035
1622138982758327
1622139016090618
1622139049422962
1622139082755254
1622139116087546
1622139149419889
1622139182752181
1622139216084473
1622139249416764
1622139282749108
1622139316081400
1622139349413691
1622139382746035
1622139416078327
1622139449410618
1622139482742963
1622139516075255
1622139549407546
1622139582739889
1622139616072181
1622139649404473
1622139682736816
1622139716069108
1622139749401400
1622139782733691
1622139816066035
1622139849398327
1622139882730618
1622139916062962
1622139949395254
1622139982727546
1622140016059889
1622140049392181
1622140082724473
1622140116056817
1622140149389109
1622140182721400
1622140216053691
1622140249386035
1622140282718327
1622140316050619
1622140349382962
1622140382715254
1622140416047546
1622140449379889
1622140482712181
1622140516044473
1622140549376764
1622140582709108
1622140616041400
1622140649373691
1622140682706035
1622140716038328
1622140749370618
1622140782702962
1622140816035254
1622140849367546
1622140882699889
1622140916032181
1622140949364473
1622140982696764
1622141016029108
1622141049361400
1622141082693691
1622141116026035
1622141149358327
1622141182690618
1622141216022962
1622141249355254
1622141282687546
1622141316019890
1622141349352182
1622141382684474
1622141416016816
1622141449349108
1622141482681400
1622141516013692
1622141549346035
1622141582678327
1622141616010618
1622141649342962
1622141682675254
1622141716007546
1622141749339889
1622141782672181
1622141816004473
1622141849336816
1622141882669108
1622141916001400
1622141949333691
1622141982666036
1622142015998327
1622142049330618
1622142082662962
1622142115995254
1622142149327546
1622142182659889
1622142215992181
1622142249324473
1622142282656764
1622142315989108
1622142349321400
1622142382653691
1622142415986035
1622142449318327
1622142482650618
1622142515982962
1622142549315254
1622142582647547
1622142615979889
1622142649312181
1622142682644473
1622142715976764
1622142749309108
1622142782641400
1622142815973692
1622142849306035
1622142882638327
1622142915970618
1622142949302962
1622142982635254
1622143015967546
1622143049299889
1622143082632181
1622143115964473
1622143149296816
1622143182629109
1622143215961401
1622143249293691
1622143282626035
1622143315958327
1622143349290618
1622143382622962
1622143415955254
1622143449287546
1622143482619889
1622143515952181
1622143549284473
1622143582616816
1622143615949108
1622143649281400
1622143682613691
1622143715946035
1622143749278327
1622143782610618
1622143815942963
1622143849275255
1622143882607546
1622143915939889
1622143949272181
1622143982604473
1622144015936765
1622144049269108
1622144082601400
1622144115933691
1622144149266035
1622144182598327
1622144215930618
1622144249262962
1622144282595254
1622144315927546
1622144349259889
1622144382592181
1622144415924474
1622144449256764
1622144482589108
1622144515921400
1622144549253691
1622144582586035
1622144615918327
1622144649250619
1622144682582962
1622144715915254
1622144749247546
1622144782579889
1622144815912181
1622144849244473
1622144882576816
1622144915909108
1622144949241400
1622144982573691
1622145015906036
1622145049238328
1622145082570618
1622145115902962
1622145149235254
1622145182567546
1622145215899889
1622145249232181
1622145282564473
1622145315896816
1622145349229108
1622145382561400
1622145415893691
1622145449226035
1622145482558327
1622145515890618
1622145549222962
1622145582555254
1622145615887546
1622145649219890
1622145682552182
1622145715884473
1622145749216764
1622145782549108
1622145815881400
1622145849213692
1622145882546035
1622145915878327
1622145949210618
1622145982542962
1622146015875254
1622146049207546
1622146082539889
1622146115872181
1622146149204473
1622146182536764
1622146215869108
1622146249201400
1622146282533691
1622146315866035
1622146349198327
1622146382530618
1622146415862962
1622146449195254
1622146482527546
1622146515859889
1622146549192181
1622146582524473
1622146615856816
1622146649189108
1622146682521400
1622146715853691
1622146749186035
1622146782518327
1622146815850618
1622146849182962
1622146882515255
1622146915847547
1622146949179889
1622146982512181
1622147015844473
1622147049176764
1622147082509108
1622147115841400
1622147149173691
1622147182506035
1622147215838327
1622147249170618
1622147282502962
1622147315835254
1622147349167546
1622147382499889
1622147415832181
1622147449164473
1622147482496764
1622147515829109
1622147549161401
1622147582493691
1622147615826035
1622147649158327
1622147682490619
1622147715822962
1622147749155254
1622147782487546
1622147815819889
1622147849152181
1622147882484473
1622147915816764
1622147949149108
1622147982481400
1622148015813691
1622148049146035
1622148082478327
1622148115810618
1622148149142963
1622148182475254
1622148215807546
1622148249139889
1622148282472181
1622148315804473
1622148349136816
1622148382469108
1622148415801400
1622148449133691
1622148482466035
1622148515798327
1622148549130618
1622148582462962
1622148615795254
1622148649127546
1622148682459889
1622148715792182
1622148749124474
1622148782456764
1622148815789108
1622148849121400
1622148882453691
1622148915786035
1622148949118327
1622148982450618
1622149015782962
1622149049115254
1622149082447546
1622149115779889
1622149149112181
1622149182444473
1622149215776764
1622149249109108
1622149282441400
1622149315773691
1622149349106036
1622149382438328
1622149415770618
1622149449102962
1622149482435254
1622149515767546
1622149549099889
1622149582432181
1622149615764473
1622149649096764
1622149682429108
1622149715761400
1622149749093691
1622149782426035
1622149815758327
1622149849090618
1622149882422962
1622149915755254
1622149949087546
1622149982419890
1622150015752182
1622150049084473
1622150082416816
1622150115749108
1622150149081400
1622150182413692
1622150215746035
1622150249078327
1622150282410618
1622150315742962
1622150349075254
1622150382407546
1622150415739889
1622150449072181
1622150482404473
1622150515736816
1622150549069108
1622150582401401
1622150615733691
1622150649066035
1622150682398327
1622150715730618
1622150749062962
1622150782395254
1622150815727546
1622150849059889
1622150882392181
1622150915724473
1622150949056764
1622150982389108
1622151015721400
1622151049053691
1622151082386035
1622151115718327
1622151149050618
1622151182382963
1622151215715255
1622151249047547
1622151282379889
1622151315712181
1622151349044473
1622151382376765
1622151415709108
1622151449041400
1622151482373691
1622151515706035
1622151549038327
1622151582370618
1622151615702962
1622151649035254
1622151682367546
1622151715699889
1622151749032181
1622151782364473
1622151815696817
1622151849029109
1622151882361400
1622151915693691
1622151949026035
1622151982358327
1622152015690619
1622152049022962
1622152082355254
1622152115687546
1622152149019889
1622152182352181
1622152215684473
1622152249016764
1622152282349108
1622152315681400
1622152349013691
1622152382346035
1622152415678327
1622152449010618
1622152482342962
1622152515675254
1622152549007546
1622152582339889
1622152615672181
1622152649004473
1622152682336765
1622152715669108
1622152749001400
1622152782333691
1622152815666035
1622152848998327
1622152882330618
1622152915662962
1622152948995254
1622152982327546
1622153015659889
1622153048992182
1622153082324474
1622153115656764
1622153148989108
1622153182321400
1622153215653691
1622153248986035
1622153282318327
1622153315650618
1622153348982962
1622153382315254
1622153415647546
1622153448979889
1622153482312181
1622153515644473
1622153548976816
1622153582309108
1622153615641400
1622153648973691
1622153682306036
1622153715638328
1622153748970618
1622153782302962
1622153815635254
1622153848967546
1622153882299889
1622153915632181
1622153948964473
1622153982296816
1622154015629108
1622154048961400
1622154082293691
1622154115626035
1622154148958327
1622154182290618
1622154215622962
1622154248955254
1622154282287547
1622154315619890
1622154348952181
1622154382284473
1622154415616816
1622154448949108
1622154482281400
1622154515613692
1622154548946035
1622154582278327
1622154615610618
1622154648942962
1622154682275254
1622154715607546
1622154748939889
1622154782272181
1622154815604473
1622154848936764
1622154882269109
1622154915601401
1622154948933691
1622154982266035
1622155015598327
1622155048930618
1622155082262962
1622155115595254
1622155148927546
1622155182259889
1622155215592181
1622155248924473
1622155282256816
1622155315589108
1622155348921400
1622155382253691
1622155415586035
1622155448918327
1622155482250618
1622155515582963
1622155548915255
1622155582247546
1622155615579889
1622155648912181
1622155682244473
1622155715576765
1622155748909108
1622155782241400
1622155815573691
1622155848906035
1622155882238327
1622155915570618
1622155948902962
1622155982235254
1622156015567546
1622156048899889
1622156082232181
1622156115564473
1622156148896764
1622156182229109
1622156215561400
1622156248893691
1622156282226035
1622156315558327
1622156348890619
1622156382222962
1622156415555254
1622156448887546
1622156482219889
1622156515552181
1622156548884473
1622156582216764
1622156615549108
1622156648881400
1622156682213691
1622156715546035
1622156748878328
1622156782210618
1622156815542962
1622156848875254
1622156882207546
1622156915539889
1622156948872181
1622156982204473
1622157015536816
1622157048869108
1622157082201400
1622157115533691
1622157148866035
1622157182198327
1622157215530618
1622157248862962
1622157282195254
1622157315527546
1622157348859890
1622157382192182
1622157415524474
1622157448856816
1622157482189108
1622157515521400
1622157548853692
1622157582186035
1622157615518327
1622157648850618
1622157682182962
1622157715515254
1622157748847546
1622157782179889
1622157815512181
1622157848844473
1622157882176764
1622157915509108
1622157948841400
1622157982173691
1622158015506036
1622158048838327
1622158082170618
1622158115502962
1622158148835254
1622158182167546
1622158215499889
1622158248832181
1622158282164473
1622158315496764
1622158348829108
1622158382161400
1622158415493691
1622158448826035
1622158482158327
1622158515490618
1622158548822962
1622158582155254
1622158615487547
1622158648819889
1622158682152181
1622158715484473
1622158748816816
1622158782149108
1622158815481400
1622158848813691
1622158882146035
1622158915478327
1622158948810618
1622158982142962
1622159015475254
1622159048807546
1622159082139889
1622159115472181
1622159148804473
1622159182136764
1622159215469109
1622159248801401
1622159282133691
1622159315466035
1622159348798327
1622159382130618
1622159415462962
1622159448795254
1622159482127546
1622159515459889
1622159548792181
1622159582124473
1622159615456764
1622159648789108
1622159682121400
1622159715453691
1622159748786035
1622159782118327
1622159815450618
1622159848782963
1622159882115255
1622159915447546
1622159948779889
1622159982112181
1622160015444473
1622160048776765
1622160082109108
1622160115441400
1622160148773691
1622160182106035
1622160215438327
1622160248770618
1622160282102962
1622160315435254
1622160348767546
1622160382099889
1622160415432181
1622160448764474
1622160482096817
1622160515429108
1622160548761400
1622160582093691
1622160615426035
1622160648758327
1622160682090619
1622160715422962
1622160748755254
1622160782087546
1622160815419889
1622160848752181
1622160882084473
1622160915416764
1622160948749108
1622160982081400
1622161015413691
1622161048746036
1622161082078328
1622161115410618
1622161148742962
1622161182075254
1622161215407546
1622161248739889
1622161282072181
1622161315404473
1622161348736764
1622161382069108
1622161415401400
1622161448733691
1622161482066035
1622161515398327
1622161548730618
1622161582062962
1622161615395254
1622161648727546
1622161682059890
1622161715392182
1622161748724473
1622161782056764
1622161815389108
1622161848721400
1622161882053692
1622161915386035
1622161948718327
1622161982050618
1622162015382962
1622162048715254
1622162082047546
1622162115379889
1622162148712181
1622162182044473
1622162215376816
1622162248709108
1622162282041400
1622162315373691
1622162348706035
1622162382038327
1622162415370618
1622162448702962
1622162482035254
1622162515367546
1622162548699889
1622162582032181
1622162615364473
1622162648696764
1622162682029108
1622162715361400
1622162748693691
1622162782026035
1622162815358327
1622162848690618
1622162882022962
1622162915355255
1622162948687547
1622162982019889
1622163015352181
1622163048684473
1622163082016764
1622163115349108
1622163148681400
1622163182013691
1622163215346035
1622163248678327
1622163282010618
1622163315342962
1622163348675254
1622163382007546
1622163415339889
1622163448672181
1622163482004473
1622163515336764
1622163548669109
1622163582001401
1622163615333691
1622163648666035
1622163681998327
1622163715330619
1622163748662962
1622163781995254
1622163815327546
1622163848659889
1622163881992181
1622163915324473
1622163948656816
1622163981989108
1622164015321400
1622164048653691
1622164081986035
1622164115318327
1622164148650618
1622164181982963
1622164215315254
1622164248647546
1622164281979889
1622164315312181
1622164348644473
1622164381976816
1622164415309108
1622164448641400
1622164481973691
1622164515306035
1622164548638327
1622164581970618
1622164615302962
1622164648635254
1622164681967546
1622164715299889
1622164748632182
1622164781964474
1622164815296764
1622164848629108
1622164881961400
1622164915293691
1622164948626035
1622164981958327
1622165015290618
1622165048622962
1622165081955254
1622165115287546
1622165148619889
1622165181952181
1622165215284473
1622165248616764
1622165281949108
1622165315281400
1622165348613691
1622165381946036
1622165415278328
1622165448610618
1622165481942962
1622165515275254
1622165548607546
1622165581939889
1622165615272181
1622165648604473
1622165681936816
1622165715269108
1622165748601400
1622165781933691
1622165815266035
1622165848598327
1622165881930618
1622165915262962
1622165948595254
1622165981927546
1622166015259890
1622166048592182
1622166081924473
1622166115256764
1622166148589108
1622166181921400
1622166215253692
1622166248586035
1622166281918327
1622166315250618
1622166348582962
1622166381915254
1622166415247546
1622166448579889
1622166481912181
1622166515244473
1622166548576764
1622166581909108
1622166615241401
1622166648573691
1622166681906035
1622166715238327
1622166748570618
1622166781902962
1622166815235254
1622166848567546
1622166881899889
1622166915232181
1622166948564473
1622166981896764
1622167015229108
1622167048561400
1622167081893691
1622167115226035
1622167148558327
1622167181890618
1622167215222963
1622167248555255
1622167281887547
1622167315219889
1622167348552181
1622167381884473
1622167415216816
1622167448549108
1622167481881400
1622167515213691
1622167548546035
1622167581878327
1622167615210618
1622167648542962
1622167681875254
1622167715207546
1622167748539889
1622167781872181
1622167815204473
1622167848536764
1622167881869109
1622167915201400
1622167948533691
1622167981866035
1622168015198327
1622168048530619
1622168081862962
1622168115195254
1622168148527546
1622168181859889
1622168215192181
1622168248524473
1622168281856764
1622168315189108
1622168348521400
1622168381853691
1622168415186035
1622168448518327
1622168481850618
1622168515182962
1622168548515254
1622168581847546
1622168615179889
1622168648512181
1622168681844473
1622168715176765
1622168748509108
1622168781841400
1622168815173691
1622168848506035
1622168881838327
1622168915170618
1622168948502962
1622168981835254
1622169015167546
1622169048499889
1622169081832182
1622169115164474
1622169148496816
1622169181829108
1622169215161400
1622169248493691
1622169281826035
1622169315158327
1622169348490618
1622169381822962
1622169415155254
1622169448487546
1622169481819889
1622169515152181
1622169548484473
1622169581816764
1622169615149108
1622169648481400
1622169681813691
1622169715146036
1622169748478328
1622169781810618
1622169815142962
1622169848475254
1622169881807546
1622169915139889
1622169948472181
1622169981804473
1622170015136816
1622170048469108
1622170081801400
1622170115133691
1622170148466035
1622170181798327
1622170215130618
1622170248462962
1622170281795254
1622170315127547
1622170348459890
1622170381792181
1622170415124473
1622170448456764
1622170481789108
1622170515121400
1622170548453692
1622170581786035
1622170615118327
1622170648450618
1622170681782962
1622170715115254
1622170748447546
1622170781779889
1622170815112181
1622170848444473
1622170881776816
1622170915109109
1622170948441401
1622170981773691
1622171015106035
1622171048438327
1622171081770618
1622171115102962
1622171148435254
1622171181767546
1622171215099889
1622171248432181
1622171281764473
1622171315096764
1622171348429108
1622171381761400
1622171415093691
1622171448426035
1622171481758327
1622171515090618
1622171548422963
1622171581755255
1622171615087546
1622171648419889
1622171681752181
1622171715084473
1622171748416765
1622171781749108
1622171815081400
1622171848413691
1622171881746035
1622171915078327
1622171948410618
1622171981742962
1622172015075254
1622172048407546
1622172081739889
1622172115072181
1622172148404473
1622172181736764
1622172215069109
1622172248401400
1622172281733691
1622172315066035
1622172348398327
1622172381730619
1622172415062962
1622172448395254
1622172481727546
1622172515059889
1622172548392181
1622172581724473
1622172615056816
1622172648389108
1622172681721400
1622172715053691
1622172748386035
1622172781718328
1622172815050618
1622172848382962
1622172881715254
1622172915047546
1622172948379889
1622172981712181
1622173015044473
1622173048376764
1622173081709108
1622173115041400
1622173148373691
1622173181706035
1622173215038327
1622173248370618
1622173281702962
1622173315035254
1622173348367546
1622173381699890
1622173415032182
1622173448364474
1622173481696764
1622173515029108
1622173548361400
1622173581693692
1622173615026035
1622173648358327
1622173681690618
1622173715022962
1622173748355254
1622173781687546
1622173815019889
1622173848352181
1622173881684473
1622173915016764
1622173948349108
1622173981681400
1622174015013691
1622174048346036
1622174081678327
1622174115010618
1622174148342962
1622174181675254
1622174215007546
1622174248339889
1622174281672181
1622174315004473
1622174348336764
1622174381669108
1622174415001400
1622174448333691
1622174481666035
1622174514998327
1622174548330618
1622174581662962
1622174614995255
1622174648327547
1622174681659889
1622174714992181
1622174748324473
1622174781656764
1622174814989108
1622174848321400
1622174881653691
1622174914986035
1622174948318327
1622174981650618
1622175014982962
1622175048315254
1622175081647546
1622175114979889
1622175148312181
1622175181644473
1622175214976764
1622175248309109
1622175281641401
1622175314973691
1622175348306035
1622175381638327
1622175414970618
1622175448302962
1622175481635254
1622175514967546
1622175548299889
1622175581632181
1622175614964473
1622175648296764
1622175681629108
1622175714961400
1622175748293691
1622175781626035
1622175814958327
1622175848290618
1622175881622963
1622175914955255
1622175948287546
1622175981619889
1622176014952181
1622176048284473
1622176081616816
1622176114949108
1622176148281400
1622176181613691
1622176214946035
1622176248278327
1622176281610618
1622176314942962
1622176348275254
1622176381607546
1622176414939889
1622176448272181
1622176481604474
1622176514936764
1622176548269108
1622176581601400
1622176614933691
1622176648266035
1622176681598327
1622176714930619
1622176748262962
1622176781595254
1622176814927546
1622176848259889
1622176881592181
1622176914924473
1622176948256816
1622176981589108
1622177014921400
1622177048253691
1622177081586036
1622177114918328
1622177148250618
1622177181582962
1622177214915254
1622177248247546
1622177281579889
1622177314912181
1622177348244473
1622177381576764
1622177414909108
1622177448241400
1622177481573691
1622177514906035
1622177548238327
1622177581570618
1622177614902962
1622177648235254
1622177681567546
1622177714899890
1622177748232182
1622177781564473
1622177814896816
1622177848229108
1622177881561400
1622177914893692
1622177948226035
1622177981558327
1622178014890618
1622178048222962
1622178081555254
1622178114887546
1622178148219889
1622178181552181
1622178214884473
1622178248216816
1622178281549108
1622178314881400
1622178348213691
1622178381546035
1622178414878327
1622178448210618
1622178481542962
1622178514875254
1622178548207546
1622178581539889
1622178614872181
1622178648204473
1622178681536764
1622178714869108
1622178748201400
1622178781533691
1622178814866035
1622178848198327
1622178881530618
1622178914862962
1622178948195255
1622178981527547
1622179014859889
1622179048192181
1622179081524473
1622179114856764
1622179148189108
1622179181521400
1622179214853691
1622179248186035
1622179281518327
1622179314850618
1622179348182962
1622179381515254
1622179414847546
1622179448179889
1622179481512181
1622179514844473
1622179548176817
1622179581509109
1622179614841401
1622179648173691
1622179681506035
1622179714838327
1622179748170619
1622179781502962
1622179814835254
1622179848167546
1622179881499889
1622179914832181
1622179948164473
1622179981496764
1622180014829108
1622180048161400
1622180081493691
1622180114826035
1622180148158327
1622180181490618
1622180214822963
1622180248155254
1622180281487546
1622180314819889
1622180348152181
1622180381484473
1622180414816765
1622180448149108
1622180481481400
1622180514813691
1622180548146035
1622180581478327
1622180614810618
1622180648142962
1622180681475254
1622180714807546
1622180748139889
1622180781472182
1622180814804474
1622180848136764
1622180881469108
1622180914801400
1622180948133691
1622180981466035
1622181014798327
1622181048130618
1622181081462962
1622181114795254
1622181148127546
1622181181459889
1622181214792181
1622181248124473
1622181281456816
1622181314789108
1622181348121400
1622181381453691
1622181414786036
1622181448118328
1622181481450618
1622181514782962
1622181548115254
1622181581447546
1622181614779889
1622181648112181
1622181681444473
1622181714776764
1622181748109108
1622181781441400
1622181814773691
1622181848106035
1622181881438327
1622181914770618
1622181948102962
1622181981435254
1622182014767546
1622182048099890
1622182081432182
1622182114764473
1622182148096764
1622182181429108
1622182214761400
1622182248093692
1622182281426035
1622182314758327
1622182348090618
1622182381422962
1622182414755254
1622182448087546
1622182481419889
1622182514752181
1622182548084473
1622182581416764
1622182614749108
1622182648081401
1622182681413691
1622182714746035
1622182748078327
1622182781410618
1622182814742962
1622182848075254
1622182881407546
1622182914739889
1622182948072181
1622182981404473
1622183014736816
1622183048069108
1622183081401400
1622183114733691
1622183148066035
1622183181398327
1622183214730618
1622183248062963
1622183281395255
1622183314727547
1622183348059889
1622183381392181
1622183414724473
1622183448056765
1622183481389108
1622183514721400
1622183548053691
1622183581386035
1622183614718327
1622183648050618
1622183681382962
1622183714715254
1622183748047546
1622183781379889
1622183814712181
1622183848044473
1622183881376764
1622183914709109
1622183948041400
1622183981373691
1622184014706035
1622184048038327
1622184081370619
1622184114702962
1622184148035254
1622184181367546
1622184214699889
1622184248032181
1622184281364473
1622184314696764
1622184348029108
1622184381361400
1622184414693691
1622184448026035
1622184481358327
1622184514690618
1622184548022962
1622184581355254
1622184614687546
1622184648019889
1622184681352181
1622184714684473
1622184748016816
1622184781349108
1622184814681400
1622184848013691
1622184881346035
1622184914678327
1622184948010618
1622184981342962
1622185014675254
1622185048007546
1622185081339889
1622185114672182
1622185148004474
1622185181336764
1622185214669108
1622185248001400
1622185281333691
1622185314666035
1622185347998327
1622185381330618
1622185414662962
1622185447995254
1622185481327546
1622185514659889
1622185547992181
1622185581324473
1622185614656764
1622185647989108
1622185681321400
1622185714653691
1622185747986036
1622185781318328
1622185814650618
1622185847982962
1622185881315254
1622185914647546
1622185947979889
1622185981312181
1622186014644473
1622186047976764
1622186081309108
1622186114641400
1622186147973691
1622186181306035
1622186214638327
1622186247970618
1622186281302962
1622186314635254
1622186347967547
1622186381299890
1622186414632181
1622186447964473
1622186481296816
1622186514629108
1622186547961400
1622186581293692
1622186614626035
1622186647958327
1622186681290618
1622186714622962
1622186747955254
1622186781287546
1622186814619889
1622186847952181
1622186881284473
1622186914616764
1622186947949109
1622186981281401
1622187014613691
1622187047946035
1622187081278327
1622187114610618
1622187147942962
1622187181275254
1622187214607546
1622187247939889
1622187281272181
1622187314604473
1622187347936764
1622187381269108
1622187414601400
1622187447933691
1622187481266035
1622187514598327
1622187547930618
1622187581262963
1622187614595255
1622187647927546
1622187681259889
1622187714592181
1622187747924473
1622187781256765
1622187814589108
1622187847921400
1622187881253691
1622187914586035
1622187947918327
1622187981250618
1622188014582962
1622188047915254
1622188081247546
1622188114579889
1622188147912181
1622188181244473
1622188214576817
1622188247909109
1622188281241400
1622188314573691
1622188347906035
1622188381238327
1622188414570619
1622188447902962
1622188481235254
1622188514567546
1622188547899889
1622188581232181
1622188614564473
1622188647896764
1622188681229108
1622188714561400
1622188747893691
1622188781226035
1622188814558328
1622188847890618
1622188881222962
1622188914555254
1622188947887546
1622188981219889
1622189014552181
1622189047884473
1622189081216816
1622189114549108
1622189147881400
1622189181213691
1622189214546035
1622189247878327
1622189281210618
1622189314542962
1622189347875254
1622189381207546
1622189414539890
1622189447872182
1622189481204474
1622189514536764
1622189547869108
1622189581201400
1622189614533692
1622189647866035
1622189681198327
1622189714530618
1622189747862962
1622189781195254
1622189814527546
1622189847859889
1622189881192181
1622189914524473
1622189947856816
1622189981189108
1622190014521400
1622190047853691
1622190081186036
1622190114518327
1622190147850618
1622190181182962
1622190214515254
1622190247847546
1622190281179889
1622190314512181
1622190347844473
1622190381176816
1622190414509108
1622190447841400
1622190481173691
1622190514506035
1622190547838327
1622190581170618
1622190614502962
1622190647835255
1622190681167547
1622190714499889
1622190747832181
1622190781164473
1622190814496764
1622190847829108
1622190881161400
1622190914493691
1622190947826035
1622190981158327
1622191014490618
1622191047822962
1622191081155254
1622191114487546
1622191147819889
1622191181152181
1622191214484473
1622191247816764
1622191281149109
1622191314481401
1622191347813691
1622191381146035
1622191414478327
1622191447810618
1622191481142962
1622191514475254
1622191547807546
1622191581139889
1622191614472181
1622191647804473
1622191681136816
1622191714469108
1622191747801400
1622191781133691
1622191814466035
1622191847798327
1622191881130618
1622191914462963
1622191947795255
1622191981127546
1622192014459889
1622192047792181
1622192081124473
1622192114456816
1622192147789108
1622192181121400
1622192214453691
1622192247786035
1622192281118327
1622192314450618
1622192347782962
1622192381115254
1622192414447546
1622192447779889
1622192481112181
1622192514444474
1622192547776764
1622192581109108
1622192614441400
1622192647773691
1622192681106035
1622192714438327
1622192747770619
1622192781102962
1622192814435254
1622192847767546
1622192881099889
1622192914432181
1622192947764473
1622192981096764
1622193014429108
1622193047761400
1622193081093691
1622193114426036
1622193147758328
1622193181090618
1622193214422962
1622193247755254
1622193281087546
1622193314419889
1622193347752181
1622193381084473
1622193414416816
1622193447749108
1622193481081400
1622193514413691
1622193547746035
1622193581078327
1622193614410618
1622193647742962
1622193681075254
1622193714407546
1622193747739890
1622193781072182
1622193814404473
1622193847736764
1622193881069108
1622193914401400
1622193947733692
1622193981066035
1622194014398327
1622194047730618
1622194081062962
1622194114395254
1622194147727546
1622194181059889
1622194214392181
1622194247724473
1622194281056764
1622194314389108
1622194347721400
1622194381053691
1622194414386035
1622194447718327
1622194481050618
1622194514382962
1622194547715254
1622194581047546
1622194614379889
1622194647712181
1622194681044473
1622194714376764
1622194747709108
1622194781041400
1622194814373691
1622194847706035
1622194881038327
1622194914370618
1622194947702962
1622194981035255
1622195014367547
1622195047699889
1622195081032181
1622195114364473
1622195147696816
1622195181029108
1622195214361400
1622195247693691
1622195281026035
1622195314358327
1622195347690618
1622195381022962
1622195414355254
1622195447687546
1622195481019889
1622195514352181
1622195547684473
1622195581016817
1622195614349109
1622195647681401
1622195681013691
1622195714346035
