1201374654245407
1201374687577699
1201374720909991
1201374754242334
1201374787574626
1201374820906918
1201374854239209
1201374887571553
1201374920903845
1201374954236137
1201374987568481
1201375020900773
1201375054233065
1201375087565407
1201375120897699
1201375154229991
1201375187562334
1201375220894626
1201375254226918
1201375287559209
1201375320891553
1201375354223845
1201375387556137
1201375420888480
1201375454220772
1201375487553064
1201375520885407
1201375554217699
1201375587549991
1201375620882335
1201375654214627
1201375687546918
1201375720879209
1201375754211553
1201375787543845
1201375820876137
1201375854208480
1201375887540772
1201375920873064
1201375954205407
1201375987537699
1201376020869991
1201376054202334
1201376087534626
1201376120866918
1201376154199209
1201376187531553
1201376220863846
1201376254196138
1201376287528480
1201376320860772
1201376354193064
1201376387525407
1201376420857699
1201376454189991
1201376487522334
1201376520854626
1201376554186918
1201376587519209
1201376620851553
1201376654183845
1201376687516137
1201376720848480
1201376754180772
1201376787513064
1201376820845408
1201376854177700
1201376887509992
1201376920842334
1201376954174626
1201376987506918
1201377020839210
1201377054171553
1201377087503845
1201377120836137
1201377154168480
1201377187500772
1201377220833064
1201377254165407
1201377287497699
1201377320829991
1201377354162334
1201377387494626
1201377420826918
1201377454159209
1201377487491554
1201377520823845
1201377554156137
1201377587488480
1201377620820772
1201377654153064
1201377687485407
1201377720817699
1201377754149991
1201377787482334
1201377820814626
1201377854146918
1201377887479209
1201377920811553
1201377954143845
1201377987476137
1201378020808480
1201378054140772
1201378087473065
1201378120805407
1201378154137699
1201378187469991
1201378220802334
1201378254134626
1201378287466918
1201378320799210
1201378354131553
1201378387463845
1201378420796137
1201378454128480
1201378487460772
1201378520793064
1201378554125407
1201378587457699
1201378620789991
1201378654122334
1201378687454627
1201378720786919
1201378754119209
1201378787451553
1201378820783845
1201378854116137
1201378887448480
1201378920780772
1201378954113064
1201378987445407
1201379020777699
1201379054109991
1201379087442334
1201379120774626
1201379154106918
1201379187439209
1201379220771553
1201379254103845
1201379287436137
1201379320768481
1201379354100773
1201379387433064
1201379420765407
1201379454097699
1201379487429991
1201379520762334
1201379554094626
1201379587426918
1201379620759209
1201379654091553
1201379687423845
1201379720756137
1201379754088480
1201379787420772
1201379820753064
1201379854085407
1201379887417699
1201379920749992
1201379954082335
1201379987414626
1201380020746918
1201380054079209
1201380087411553
1201380120743845
1201380154076137
1201380187408480
1201380220740772
1201380254073064
1201380287405407
1201380320737699
1201380354069991
1201380387402334
1201380420734626
1201380454066918
1201380487399209
1201380520731554
1201380554063846
1201380587396138
1201380620728480
1201380654060772
1201380687393064
1201380720725407
1201380754057699
1201380787389991
1201380820722334
1201380854054626
1201380887386918
1201380920719209
1201380954051553
1201380987383845
1201381020716137
1201381054048480
1201381087380772
1201381120713064
1201381154045408
1201381187377700
1201381220709991
1201381254042334
1201381287374626
1201381320706918
1201381354039210
1201381387371553
1201381420703845
1201381454036137
1201381487368480
1201381520700772
1201381554033064
1201381587365407
1201381620697699
1201381654029991
1201381687362334
1201381720694626
1201381754026918
1201381787359209
1201381820691554
1201381854023845
1201381887356137
1201381920688480
1201381954020772
1201381987353064
1201382020685407
1201382054017699
1201382087349991
1201382120682334
1201382154014626
1201382187346918
1201382220679209
1201382254011553
1201382287343845
1201382320676137
1201382354008480
1201382387340773
1201382420673065
1201382454005407
1201382487337699
1201382520669991
1201382554002334
1201382587334626
1201382620666918
1201382653999209
1201382687331553
1201382720663845
1201382753996137
1201382787328480
1201382820660772
1201382853993064
1201382887325407
1201382920657699
1201382953989991
1201382987322335
1201383020654627
1201383053986919
1201383087319209
1201383120651553
1201383153983845
1201383187316137
1201383220648480
1201383253980772
1201383287313064
1201383320645407
1201383353977699
1201383387309991
1201383420642334
1201383453974626
1201383487306918
1201383520639209
1201383553971553
1201383587303845
1201383620636138
1201383653968481
1201383687300772
1201383720633064
1201383753965407
1201383787297699
1201383820629991
1201383853962334
1201383887294626
1201383920626918
1201383953959209
1201383987291553
1201384020623845
1201384053956137
1201384087288480
1201384120620772
1201384153953064
1201384187285407
1201384220617699
1201384253949992
1201384287282334
1201384320614626
1201384353946918
1201384387279209
1201384420611553
1201384453943845
1201384487276137
1201384520608480
1201384553940772
1201384587273064
1201384620605407
1201384653937699
1201384687269991
1201384720602334
1201384753934626
1201384787266918
1201384820599209
1201384853931554
1201384887263846
1201384920596138
1201384953928480
1201384987260772
1201385020593064
1201385053925407
1201385087257699
1201385120589991
1201385153922334
1201385187254626
1201385220586918
1201385253919209
1201385287251553
1201385320583845
1201385353916137
1201385387248480
1201385420580772
1201385453913064
1201385487245408
1201385520577700
1201385553909991
1201385587242334
1201385620574626
1201385653906918
1201385687239210
1201385720571553
1201385753903845
1201385787236137
1201385820568480
1201385853900772
1201385887233064
1201385920565407
1201385953897699
1201385987229991
1201386020562334
1201386053894626
1201386087226919
1201386120559209
1201386153891553
1201386187223845
1201386220556137
1201386253888480
1201386287220772
1201386320553064
1201386353885407
1201386387217699
1201386420549991
1201386453882334
1201386487214626
1201386520546918
1201386553879209
1201386587211553
1201386620543845
1201386653876137
1201386687208481
1201386720540773
1201386753873065
1201386787205407
1201386820537699
1201386853869991
1201386887202334
1201386920534626
1201386953866918
1201386987199209
1201387020531553
1201387053863845
1201387087196137
1201387120528480
1201387153860772
1201387187193064
1201387220525407
1201387253857699
1201387287189991
1201387320522335
1201387353854627
1201387387186918
1201387420519209
1201387453851553
1201387487183845
1201387520516137
1201387553848480
1201387587180772
1201387620513064
1201387653845407
1201387687177699
1201387720509991
1201387753842334
1201387787174626
1201387820506918
1201387853839209
1201387887171553
1201387920503845
1201387953836138
1201387987168480
1201388020500772
1201388053833064
1201388087165407
1201388120497699
1201388153829991
1201388187162334
1201388220494626
1201388253826918
1201388287159209
1201388320491553
1201388353823845
1201388387156137
1201388420488480
1201388453820772
1201388487153064
1201388520485407
1201388553817700
1201388587149992
1201388620482334
1201388653814626
1201388687146918
1201388720479209
1201388753811553
1201388787143845
1201388820476137
1201388853808480
1201388887140772
1201388920473064
1201388953805407
1201388987137699
1201389020469991
1201389053802334
1201389087134626
1201389120466918
1201389153799209
1201389187131554
1201389220463846
1201389253796137
1201389287128480
1201389320460772
1201389353793064
1201389387125407
1201389420457699
1201389453789991
1201389487122334
1201389520454626
1201389553786918
1201389587119209
1201389620451553
1201389653783845
1201389687116137
1201389720448480
1201389753780772
1201389787113065
1201389820445408
1201389853777699
1201389887109991
1201389920442334
1201389953774626
1201389987106918
1201390020439210
1201390053771553
1201390087103845
1201390120436137
1201390153768480
1201390187100772
1201390220433064
1201390253765407
1201390287097699
1201390320429991
1201390353762334
1201390387094627
1201390420426919
1201390453759209
1201390487091553
1201390520423845
1201390553756137
1201390587088480
1201390620420772
1201390653753064
1201390687085407
1201390720417699
1201390753749991
1201390787082334
1201390820414626
1201390853746918
1201390887079209
1201390920411553
1201390953743845
1201390987076137
1201391020408481
1201391053740773
1201391087073064
1201391120405407
1201391153737699
1201391187069991
1201391220402334
1201391253734626
1201391287066918
1201391320399209
1201391353731553
1201391387063845
1201391420396137
1201391453728480
1201391487060772
1201391520393064
1201391553725407
1201391587057699
1201391620389991
1201391653722335
1201391687054627
1201391720386918
1201391753719209
1201391787051553
1201391820383845
1201391853716137
1201391887048480
1201391920380772
1201391953713064
1201391987045407
1201392020377699
1201392053709991
1201392087042334
1201392120374626
1201392153706918
1201392187039209
1201392220371553
1201392253703846
1201392287036138
1201392320368480
1201392353700772
1201392387033064
1201392420365407
1201392453697699
1201392487029991
1201392520362334
1201392553694626
1201392587026918
1201392620359209
1201392653691553
1201392687023845
1201392720356137
1201392753688480
1201392787020772
1201392820353064
1201392853685408
1201392887017700
1201392920349992
1201392953682334
1201392987014626
1201393020346918
1201393053679210
1201393087011553
1201393120343845
1201393153676137
1201393187008480
1201393220340772
1201393253673064
1201393287005407
1201393320337699
1201393353669991
1201393387002334
1201393420334626
1201393453666918
1201393486999209
1201393520331554
1201393553663845
1201393586996137
1201393620328480
1201393653660772
1201393686993064
1201393720325407
1201393753657699
1201393786989991
1201393820322334
1201393853654626
1201393886986918
1201393920319209
1201393953651553
1201393986983845
1201394020316137
1201394053648480
1201394086980772
1201394120313065
1201394153645407
1201394186977699
1201394220309991
1201394253642334
1201394286974626
1201394320306918
1201394353639210
1201394386971553
1201394420303845
1201394453636137
1201394486968480
1201394520300772
1201394553633064
1201394586965407
1201394620297699
1201394653629991
1201394686962334
1201394720294627
1201394753626919
1201394786959209
1201394820291553
1201394853623845
1201394886956137
1201394920288480
1201394953620772
1201394986953064
1201395020285407
1201395053617699
1201395086949991
1201395120282334
1201395153614626
1201395186946918
1201395220279209
1201395253611553
1201395286943845
1201395320276137
1201395353608481
1201395386940773
1201395420273064
1201395453605407
1201395486937699
1201395520269991
1201395553602334
1201395586934626
1201395620266918
1201395653599209
1201395686931553
1201395720263845
1201395753596137
1201395786928480
1201395820260772
1201395853593064
1201395886925407
1201395920257699
1201395953589992
1201395986922335
1201396020254626
1201396053586918
1201396086919209
1201396120251553
1201396153583845
1201396186916137
1201396220248480
1201396253580772
1201396286913064
1201396320245407
1201396353577699
1201396386909991
1201396420242334
1201396453574626
1201396486906918
1201396520239209
1201396553571554
1201396586903846
1201396620236138
1201396653568480
1201396686900772
1201396720233064
1201396753565407
1201396786897699
1201396820229991
1201396853562334
1201396886894626
1201396920226918
1201396953559209
1201396986891553
1201397020223845
1201397053556137
1201397086888480
1201397120220772
1201397153553064
1201397186885408
1201397220217700
1201397253549991
1201397286882334
1201397320214626
1201397353546918
1201397386879210
1201397420211553
1201397453543845
1201397486876137
1201397520208480
1201397553540772
1201397586873064
1201397620205407
1201397653537699
1201397686869991
1201397720202334
1201397753534626
1201397786866918
1201397820199209
1201397853531554
1201397886863845
1201397920196137
1201397953528480
1201397986860772
1201398020193064
1201398053525407
1201398086857699
1201398120189991
1201398153522334
1201398186854626
1201398220186918
1201398253519209
1201398286851553
1201398320183845
1201398353516137
1201398386848480
1201398420180773
1201398453513065
1201398486845407
1201398520177699
1201398553509991
1201398586842334
1201398620174626
1201398653506918
1201398686839209
1201398720171553
1201398753503845
1201398786836137
1201398820168480
1201398853500772
1201398886833064
1201398920165407
1201398953497699
1201398986829991
1201399020162335
1201399053494627
1201399086826919
1201399120159209
1201399153491553
1201399186823845
1201399220156137
1201399253488480
1201399286820772
1201399320153064
1201399353485407
1201399386817699
1201399420149991
1201399453482334
1201399486814626
1201399520146918
1201399553479209
1201399586811553
1201399620143845
1201399653476138
1201399686808481
1201399720140772
1201399753473064
1201399786805407
1201399820137699
1201399853469991
1201399886802334
1201399920134626
1201399953466918
1201399986799209
1201400020131553
1201400053463845
1201400086796137
1201400120128480
1201400153460772
1201400186793064
1201400220125407
1201400253457699
1201400286789992
1201400320122334
1201400353454626
1201400386786918
1201400420119209
1201400453451553
1201400486783845
1201400520116137
1201400553448480
1201400586780772
1201400620113064
1201400653445407
1201400686777699
1201400720109991
1201400753442334
1201400786774626
1201400820106918
1201400853439209
1201400886771554
1201400920103846
1201400953436138
1201400986768480
1201401020100772
1201401053433064
1201401086765407
1201401120097699
1201401153429991
1201401186762334
1201401220094626
1201401253426918
1201401286759209
1201401320091553
1201401353423845
1201401386756137
1201401420088480
1201401453420772
1201401486753064
1201401520085408
1201401553417700
1201401586749991
1201401620082334
1201401653414626
1201401686746918
1201401720079210
1201401753411553
1201401786743845
1201401820076137
1201401853408480
1201401886740772
1201401920073064
1201401953405407
1201401986737699
1201402020069991
1201402053402334
1201402086734626
1201402120066919
1201402153399209
1201402186731553
1201402220063845
1201402253396137
1201402286728480
1201402320060772
1201402353393064
1201402386725407
1201402420057699
1201402453389991
1201402486722334
1201402520054626
1201402553386918
1201402586719209
1201402620051553
1201402653383845
1201402686716137
1201402720048481
1201402753380773
1201402786713065
1201402820045407
1201402853377699
1201402886709991
1201402920042334
1201402953374626
1201402986706918
1201403020039209
1201403053371553
1201403086703845
1201403120036137
1201403153368480
1201403186700772
1201403220033064
1201403253365407
1201403286697699
1201403320029991
1201403353362335
1201403386694627
1201403420026918
1201403453359209
1201403486691553
1201403520023845
1201403553356137
1201403586688480
1201403620020772
1201403653353064
1201403686685407
1201403720017699
1201403753349991
1201403786682334
1201403820014626
1201403853346918
1201403886679209
1201403920011553
1201403953343845
1201403986676138
1201404020008480
1201404053340772
1201404086673064
1201404120005407
1201404153337699
1201404186669991
1201404220002334
1201404253334626
1201404286666918
1201404319999209
1201404353331553
1201404386663845
1201404419996137
1201404453328480
1201404486660772
1201404519993064
1201404553325407
1201404586657700
1201404619989992
1201404653322334
1201404686654626
1201404719986918
1201404753319209
1201404786651553
1201404819983845
1201404853316137
1201404886648480
1201404919980772
1201404953313064
1201404986645407
1201405019977699
1201405053309991
1201405086642334
1201405119974626
1201405153306918
1201405186639209
1201405219971554
1201405253303846
1201405286636137
1201405319968480
1201405353300772
1201405386633064
1201405419965407
1201405453297699
1201405486629991
1201405519962334
1201405553294626
1201405586626918
1201405619959209
1201405653291553
1201405686623845
1201405719956137
1201405753288480
1201405786620772
1201405819953065
1201405853285408
1201405886617699
1201405919949991
1201405953282334
1201405986614626
1201406019946918
1201406053279210
1201406086611553
1201406119943845
1201406153276137
1201406186608480
1201406219940772
1201406253273064
1201406286605407
1201406319937699
1201406353269991
1201406386602334
1201406419934627
1201406453266919
1201406486599209
1201406519931553
1201406553263845
1201406586596137
1201406619928480
1201406653260772
1201406686593064
1201406719925407
1201406753257699
1201406786589991
1201406819922334
1201406853254626
1201406886586918
1201406919919209
1201406953251553
1201406986583845
1201407019916137
1201407053248481
1201407086580773
1201407119913064
1201407153245407
1201407186577699
1201407219909991
1201407253242334
1201407286574626
1201407319906918
1201407353239209
1201407386571553
1201407419903845
1201407453236137
1201407486568480
1201407519900772
1201407553233064
1201407586565407
1201407619897699
1201407653229991
1201407686562335
1201407719894627
1201407753226918
1201407786559209
1201407819891553
1201407853223845
1201407886556137
1201407919888480
1201407953220772
1201407986553064
1201408019885407
1201408053217699
1201408086549991
1201408119882334
1201408153214626
1201408186546918
1201408219879209
1201408253211553
1201408286543846
1201408319876138
1201408353208480
1201408386540772
1201408419873064
1201408453205407
1201408486537699
1201408519869991
1201408553202334
1201408586534626
1201408619866918
1201408653199209
1201408686531553
1201408719863845
1201408753196137
1201408786528480
1201408819860772
1201408853193064
1201408886525408
1201408919857700
1201408953189992
1201408986522334
1201409019854626
1201409053186918
1201409086519210
1201409119851553
1201409153183845
1201409186516137
1201409219848480
1201409253180772
1201409286513064
1201409319845407
1201409353177699
1201409386509991
1201409419842334
1201409453174626
1201409486506918
1201409519839209
1201409553171554
1201409586503845
1201409619836137
1201409653168480
1201409686500772
1201409719833064
1201409753165407
1201409786497699
1201409819829991
1201409853162334
1201409886494626
1201409919826918
1201409953159209
1201409986491553
1201410019823845
1201410053156137
1201410086488480
1201410119820772
1201410153153065
1201410186485407
1201410219817699
1201410253149991
1201410286482334
1201410319814626
1201410353146918
1201410386479210
1201410419811553
1201410453143845
1201410486476137
1201410519808480
1201410553140772
1201410586473064
1201410619805407
1201410653137699
1201410686469991
1201410719802334
1201410753134627
1201410786466919
1201410819799209
1201410853131553
1201410886463845
1201410919796137
1201410953128480
1201410986460772
1201411019793064
1201411053125407
1201411086457699
1201411119789991
1201411153122334
1201411186454626
1201411219786918
1201411253119209
1201411286451553
1201411319783845
1201411353116137
1201411386448481
1201411419780773
1201411453113064
1201411486445407
1201411519777699
1201411553109991
1201411586442334
1201411619774626
1201411653106918
1201411686439209
1201411719771553
1201411753103845
1201411786436137
1201411819768480
1201411853100772
1201411886433064
1201411919765407
1201411953097699
1201411986429992
1201412019762335
1201412053094626
1201412086426918
1201412119759209
1201412153091553
1201412186423845
1201412219756137
1201412253088480
1201412286420772
1201412319753064
1201412353085407
1201412386417699
1201412419749991
1201412453082334
1201412486414626
1201412519746918
1201412553079209
1201412586411554
1201412619743846
1201412653076138
1201412686408480
1201412719740772
1201412753073064
1201412786405407
1201412819737699
1201412853069991
1201412886402334
1201412919734626
1201412953066918
1201412986399209
1201413019731553
1201413053063845
1201413086396137
1201413119728480
1201413153060772
1201413186393064
1201413219725408
1201413253057700
1201413286389991
1201413319722334
1201413353054626
1201413386386918
1201413419719210
1201413453051553
1201413486383845
1201413519716137
1201413553048480
1201413586380772
1201413619713064
1201413653045407
1201413686377699
1201413719709991
1201413753042334
1201413786374626
1201413819706918
1201413853039209
1201413886371554
1201413919703845
1201413953036137
1201413986368480
1201414019700772
1201414053033064
1201414086365407
1201414119697699
1201414153029991
1201414186362334
1201414219694626
1201414253026918
1201414286359209
1201414319691553
1201414353023845
1201414386356137
1201414419688480
1201414453020773
1201414486353065
1201414519685407
1201414553017699
1201414586349991
1201414619682334
1201414653014626
1201414686346918
1201414719679209
1201414753011553
1201414786343845
1201414819676137
1201414853008480
1201414886340772
1201414919673064
1201414953005407
1201414986337699
1201415019669991
1201415053002335
1201415086334627
1201415119666919
1201415152999209
1201415186331553
1201415219663845
1201415252996137
1201415286328480
1201415319660772
1201415352993064
1201415386325407
1201415419657699
1201415452989991
1201415486322334
1201415519654626
1201415552986918
1201415586319209
1201415619651553
1201415652983845
1201415686316138
1201415719648481
1201415752980772
1201415786313064
1201415819645407
1201415852977699
1201415886309991
1201415919642334
1201415952974626
1201415986306918
1201416019639209
1201416052971553
1201416086303845
1201416119636137
1201416152968480
1201416186300772
1201416219633064
1201416252965407
1201416286297700
1201416319629992
1201416352962334
1201416386294626
1201416419626918
1201416452959209
1201416486291553
1201416519623845
1201416552956137
1201416586288480
1201416619620772
1201416652953064
1201416686285407
1201416719617699
1201416752949991
1201416786282334
1201416819614626
1201416852946918
1201416886279209
1201416919611554
1201416952943846
1201416986276138
1201417019608480
1201417052940772
1201417086273064
1201417119605407
1201417152937699
1201417186269991
1201417219602334
1201417252934626
1201417286266918
1201417319599209
1201417352931553
1201417386263845
1201417419596137
1201417452928480
1201417486260772
1201417519593064
1201417552925408
1201417586257700
1201417619589991
1201417652922334
1201417686254626
1201417719586918
1201417752919210
1201417786251553
1201417819583845
1201417852916137
1201417886248480
1201417919580772
1201417952913064
1201417986245407
1201418019577699
1201418052909991
1201418086242334
1201418119574626
1201418152906919
1201418186239209
1201418219571553
1201418252903845
1201418286236137
1201418319568480
1201418352900772
1201418386233064
1201418419565407
1201418452897699
1201418486229991
1201418519562334
1201418552894626
1201418586226918
1201418619559209
1201418652891553
1201418686223845
1201418719556137
1201418752888481
1201418786220773
1201418819553065
1201418852885407
1201418886217699
1201418919549991
1201418952882334
1201418986214626
1201419019546918
1201419052879209
1201419086211553
1201419119543845
1201419152876137
1201419186208480
1201419219540772
1201419252873064
1201419286205407
1201419319537699
1201419352869991
1201419386202282
1201419419534627
1201419452866918
1201419486199209
1201419519531553
1201419552863845
1201419586196137
1201419619528480
1201419652860772
1201419686193064
1201419719525407
1201419752857699
1201419786189991
1201419819522334
1201419852854626
1201419886186918
1201419919519209
1201419952851553
1201419986183845
1201420019516138
1201420052848480
1201420086180772
1201420119513064
1201420152845407
1201420186177699
1201420219509991
1201420252842334
1201420286174626
1201420319506918
1201420352839209
1201420386171553
1201420419503845
1201420452836137
1201420486168480
1201420519500772
1201420552833064
1201420586165407
1201420619497700
1201420652829992
1201420686162334
1201420719494626
1201420752826918
1201420786159209
1201420819491553
1201420852823845
1201420886156137
1201420919488480
1201420952820772
1201420986153064
1201421019485407
1201421052817699
1201421086149991
1201421119482334
1201421152814626
1201421186146918
1201421219479209
1201421252811554
1201421286143846
1201421319476137
1201421352808480
1201421386140772
1201421419473064
1201421452805407
1201421486137699
1201421519469991
1201421552802334
1201421586134626
1201421619466918
1201421652799209
1201421686131553
1201421719463845
1201421752796137
1201421786128480
1201421819460772
1201421852793065
1201421886125408
1201421919457699
1201421952789991
1201421986122334
1201422019454626
1201422052786918
1201422086119210
1201422119451553
1201422152783845
1201422186116137
1201422219448480
1201422252780772
1201422286113064
1201422319445407
1201422352777699
1201422386109991
1201422419442334
1201422452774627
1201422486106919
1201422519439209
1201422552771553
1201422586103845
1201422619436137
1201422652768480
1201422686100772
1201422719433064
1201422752765407
1201422786097699
1201422819429991
1201422852762282
1201422886094626
1201422919426918
1201422952759209
1201422986091553
1201423019423845
1201423052756137
1201423086088481
1201423119420773
1201423152753064
1201423186085407
1201423219417699
1201423252749991
1201423286082334
1201423319414626
1201423352746918
1201423386079209
1201423419411553
1201423452743845
1201423486076137
1201423519408480
1201423552740772
1201423586073064
1201423619405407
1201423652737699
1201423686069991
1201423719402335
1201423752734627
1201423786066918
1201423819399209
1201423852731553
1201423886063845
1201423919396137
1201423952728480
1201423986060772
1201424019393064
1201424052725407
1201424086057699
1201424119389991
1201424152722334
1201424186054626
1201424219386918
1201424252719209
1201424286051553
1201424319383846
1201424352716138
1201424386048480
1201424419380772
1201424452713064
1201424486045407
1201424519377699
1201424552709991
1201424586042334
1201424619374626
1201424652706918
1201424686039209
1201424719371553
1201424752703845
1201424786036137
1201424819368480
1201424852700772
1201424886033064
1201424919365408
1201424952697700
1201424986029992
1201425019362334
1201425052694626
1201425086026918
1201425119359210
1201425152691553
1201425186023845
1201425219356137
1201425252688480
1201425286020772
1201425319353064
1201425352685407
1201425386017699
1201425419349991
1201425452682334
1201425486014626
1201425519346918
1201425552679209
1201425586011554
1201425619343845
1201425652676137
1201425686008480
1201425719340772
1201425752673064
1201425786005407
1201425819337699
1201425852669991
1201425886002334
1201425919334626
1201425952666918
1201425985999209
1201426019331553
1201426052663845
1201426085996137
1201426119328480
1201426152660772
1201426185993065
1201426219325407
1201426252657699
1201426285989991
1201426319322334
1201426352654626
1201426385986918
1201426419319210
1201426452651553
1201426485983845
1201426519316137
1201426552648480
1201426585980772
1201426619313064
1201426652645407
1201426685977699
1201426719309991
1201426752642334
1201426785974627
1201426819306919
1201426852639209
1201426885971553
1201426919303845
1201426952636137
1201426985968480
1201427019300772
1201427052633064
1201427085965407
1201427119297699
1201427152629991
1201427185962334
1201427219294626
1201427252626918
1201427285959209
1201427319291553
1201427352623845
1201427385956137
1201427419288481
1201427452620773
1201427485953064
1201427519285407
1201427552617699
1201427585949991
1201427619282334
1201427652614626
1201427685946918
1201427719279209
1201427752611553
1201427785943845
1201427819276137
1201427852608480
1201427885940772
1201427919273064
1201427952605407
1201427985937699
1201428019269992
1201428052602335
1201428085934626
1201428119266918
1201428152599209
1201428185931553
1201428219263845
1201428252596137
1201428285928480
1201428319260772
1201428352593064
1201428385925407
1201428419257699
1201428452589991
1201428485922334
1201428519254626
1201428552586918
1201428585919209
1201428619251554
1201428652583846
1201428685916138
1201428719248480
1201428752580772
1201428785913064
1201428819245407
1201428852577699
1201428885909991
1201428919242282
1201428952574626
1201428985906918
1201429019239209
1201429052571553
1201429085903845
1201429119236137
1201429152568480
1201429185900772
1201429219233064
1201429252565408
1201429285897700
1201429319229991
1201429352562334
1201429385894626
1201429419226918
1201429452559210
1201429485891553
1201429519223845
1201429552556137
1201429585888480
1201429619220772
1201429652553064
1201429685885407
1201429719217699
1201429752549991
1201429785882334
1201429819214626
1201429852546918
1201429885879209
1201429919211554
1201429952543845
1201429985876137
1201430019208480
1201430052540772
1201430085873064
1201430119205407
1201430152537699
1201430185869991
1201430219202334
1201430252534626
1201430285866918
1201430319199209
1201430352531553
1201430385863845
1201430419196137
1201430452528480
1201430485860773
1201430519193065
1201430552525407
1201430585857699
1201430619189991
1201430652522334
1201430685854626
1201430719186918
1201430752519209
1201430785851553
1201430819183845
1201430852516137
1201430885848480
1201430919180772
1201430952513064
1201430985845407
1201431019177699
1201431052509991
1201431085842335
1201431119174627
1201431152506919
1201431185839209
1201431219171553
1201431252503845
1201431285836137
1201431319168480
1201431352500772
1201431385833064
1201431419165407
1201431452497699
1201431485829991
1201431519162334
1201431552494626
1201431585826918
1201431619159209
1201431652491553
1201431685823845
1201431719156138
1201431752488481
1201431785820772
1201431819153064
1201431852485407
1201431885817699
1201431919149991
1201431952482334
1201431985814626
1201432019146918
1201432052479209
1201432085811553
1201432119143845
1201432152476137
1201432185808480
1201432219140772
1201432252473064
1201432285805407
1201432319137700
1201432352469992
1201432385802334
1201432419134626
1201432452466918
1201432485799209
1201432519131553
1201432552463845
1201432585796137
1201432619128480
1201432652460772
1201432685793064
1201432719125407
1201432752457699
1201432785789991
1201432819122282
1201432852454626
1201432885786918
1201432919119209
1201432952451554
1201432985783846
1201433019116138
1201433052448480
1201433085780772
1201433119113064
1201433152445407
1201433185777699
1201433219109991
1201433252442334
1201433285774626
1201433319106918
1201433352439209
1201433385771553
1201433419103845
1201433452436137
1201433485768480
1201433519100772
1201433552433064
1201433585765408
1201433619097700
1201433652429991
1201433685762334
1201433719094626
1201433752426918
1201433785759210
1201433819091553
1201433852423845
1201433885756137
1201433919088480
1201433952420772
1201433985753064
1201434019085407
1201434052417699
1201434085749991
1201434119082334
1201434152414626
1201434185746919
1201434219079209
1201434252411553
1201434285743845
1201434319076137
1201434352408480
1201434385740772
1201434419073064
1201434452405407
1201434485737699
1201434519069991
1201434552402334
1201434585734626
1201434619066918
1201434652399209
1201434685731553
1201434719063845
1201434752396137
1201434785728481
1201434819060773
1201434852393065
1201434885725407
1201434919057699
1201434952389991
1201434985722334
1201435019054626
1201435052386918
1201435085719209
1201435119051553
1201435152383845
1201435185716137
1201435219048480
1201435252380772
1201435285713064
1201435319045407
1201435352377699
1201435385709991
1201435419042335
1201435452374627
1201435485706918
1201435519039209
1201435552371553
1201435585703845
1201435619036137
1201435652368480
1201435685700772
1201435719033064
1201435752365407
1201435785697699
1201435819029991
1201435852362334
1201435885694626
1201435919026918
1201435952359209
1201435985691553
1201436019023845
1201436052356138
1201436085688480
1201436119020772
1201436152353064
1201436185685407
1201436219017699
1201436252349991
1201436285682334
1201436319014626
1201436352346918
1201436385679209
1201436419011553
1201436452343845
1201436485676137
1201436519008480
1201436552340772
1201436585673064
1201436619005407
1201436652337700
1201436685669992
1201436719002334
1201436752334626
1201436785666918
1201436818999209
1201436852331553
1201436885663845
1201436918996137
1201436952328480
1201436985660772
1201437018993064
1201437052325407
1201437085657699
1201437118989991
1201437152322334
1201437185654626
1201437218986918
1201437252319209
1201437285651554
1201437318983846
1201437352316137
1201437385648480
1201437418980772
1201437452313064
1201437485645407
1201437518977699
1201437552309991
1201437585642334
1201437618974626
1201437652306918
1201437685639209
1201437718971553
1201437752303845
1201437785636137
1201437818968480
1201437852300772
1201437885633065
1201437918965408
1201437952297699
1201437985629991
1201438018962334
1201438052294626
1201438085626918
1201438118959210
1201438152291553
1201438185623845
1201438218956137
1201438252288480
1201438285620772
1201438318953064
1201438352285407
1201438385617699
1201438418949991
1201438452282334
1201438485614627
1201438518946919
1201438552279209
1201438585611553
1201438618943845
1201438652276137
1201438685608480
1201438718940772
1201438752273064
1201438785605407
1201438818937699
1201438852269991
1201438885602334
1201438918934626
1201438952266918
1201438985599209
1201439018931553
1201439052263845
1201439085596137
1201439118928481
1201439152260773
1201439185593064
1201439218925407
1201439252257699
1201439285589991
1201439318922334
1201439352254626
1201439385586918
1201439418919209
1201439452251553
1201439485583845
1201439518916137
1201439552248480
1201439585580772
1201439618913064
1201439652245407
1201439685577699
1201439718909991
1201439752242335
1201439785574627
1201439818906918
1201439852239209
1201439885571553
1201439918903845
1201439952236137
1201439985568480
1201440018900772
1201440052233064
1201440085565407
1201440118897699
1201440152229991
1201440185562334
1201440218894626
1201440252226918
1201440285559209
1201440318891553
1201440352223846
1201440385556138
1201440418888480
1201440452220772
1201440485553064
1201440518885407
1201440552217699
1201440585549991
1201440618882334
1201440652214626
1201440685546918
1201440718879209
1201440752211553
1201440785543845
1201440818876137
1201440852208480
1201440885540772
1201440918873064
1201440952205408
1201440985537700
1201441018869992
1201441052202334
1201441085534626
1201441118866918
1201441152199210
1201441185531553
1201441218863845
1201441252196137
1201441285528480
1201441318860772
1201441352193064
1201441385525407
1201441418857699
1201441452189991
1201441485522334
1201441518854626
1201441552186918
1201441585519209
1201441618851554
1201441652183845
1201441685516137
1201441718848480
1201441752180772
1201441785513064
1201441818845407
1201441852177699
1201441885509991
1201441918842334
1201441952174626
1201441985506918
1201442018839209
1201442052171553
1201442085503845
1201442118836137
1201442152168480
1201442185500772
1201442218833065
1201442252165407
1201442285497699
1201442318829991
1201442352162334
1201442385494626
1201442418826918
1201442452159210
1201442485491553
1201442518823845
1201442552156137
1201442585488480
1201442618820772
1201442652153064
1201442685485407
1201442718817699
1201442752149991
1201442785482282
1201442818814627
1201442852146919
1201442885479209
1201442918811553
1201442952143845
1201442985476137
1201443018808480
1201443052140772
1201443085473064
1201443118805407
1201443152137699
1201443185469991
1201443218802334
1201443252134626
1201443285466918
1201443318799209
1201443352131553
1201443385463845
1201443418796137
1201443452128481
1201443485460773
1201443518793064
1201443552125407
1201443585457699
1201443618789991
1201443652122334
1201443685454626
1201443718786918
1201443752119209
1201443785451553
1201443818783845
1201443852116137
1201443885448480
1201443918780772
1201443952113064
1201443985445407
1201444018777699
1201444052109992
1201444085442335
1201444118774626
1201444152106918
1201444185439209
1201444218771553
1201444252103845
1201444285436137
1201444318768480
1201444352100772
1201444385433064
1201444418765407
1201444452097699
1201444485429991
1201444518762334
1201444552094626
1201444585426918
1201444618759209
1201444652091554
1201444685423846
1201444718756138
1201444752088480
1201444785420772
1201444818753064
1201444852085407
1201444885417699
1201444918749991
1201444952082334
1201444985414626
1201445018746918
1201445052079209
1201445085411553
1201445118743845
1201445152076137
1201445185408480
1201445218740772
1201445252073064
1201445285405408
1201445318737700
1201445352069991
1201445385402334
1201445418734626
1201445452066918
1201445485399210
1201445518731553
1201445552063845
1201445585396137
1201445618728480
1201445652060772
1201445685393064
1201445718725407
1201445752057699
1201445785389991
1201445818722334
1201445852054626
1201445885386918
1201445918719209
1201445952051554
1201445985383845
1201446018716137
1201446052048480
1201446085380772
1201446118713064
1201446152045407
1201446185377699
1201446218709991
1201446252042282
1201446285374626
1201446318706918
1201446352039209
1201446385371553
1201446418703845
1201446452036137
1201446485368480
1201446518700773
1201446552033065
1201446585365407
1201446618697699
1201446652029991
1201446685362334
1201446718694626
1201446752026918
1201446785359209
1201446818691553
1201446852023845
1201446885356137
1201446918688480
1201446952020772
1201446985353064
1201447018685407
1201447052017699
1201447085349991
1201447118682335
1201447152014627
1201447185346919
1201447218679209
1201447252011553
1201447285343845
1201447318676137
1201447352008480
1201447385340772
1201447418673064
1201447452005407
1201447485337699
1201447518669991
1201447552002334
1201447585334626
1201447618666918
1201447651999209
1201447685331553
1201447718663845
1201447751996138
1201447785328481
1201447818660772
1201447851993064
1201447885325407
1201447918657699
1201447951989991
1201447985322334
1201448018654626
1201448051986918
1201448085319209
1201448118651553
1201448151983845
1201448185316137
1201448218648480
1201448251980772
1201448285313064
1201448318645407
1201448351977700
1201448385309992
1201448418642334
1201448451974626
1201448485306918
1201448518639209
1201448551971553
1201448585303845
1201448618636137
1201448651968480
1201448685300772
1201448718633064
1201448751965407
1201448785297699
1201448818629991
1201448851962334
1201448885294626
1201448918626918
1201448951959209
1201448985291554
1201449018623846
1201449051956138
1201449085288480
1201449118620772
1201449151953064
1201449185285407
1201449218617699
1201449251949991
1201449285282334
1201449318614626
1201449351946918
1201449385279209
1201449418611553
1201449451943845
1201449485276137
1201449518608480
1201449551940772
1201449585273064
1201449618605408
1201449651937700
1201449685269991
1201449718602282
1201449751934626
1201449785266918
1201449818599210
1201449851931553
1201449885263845
1201449918596137
1201449951928480
1201449985260772
1201450018593064
1201450051925407
1201450085257699
1201450118589991
1201450151922334
1201450185254626
1201450218586919
1201450251919209
1201450285251553
1201450318583845
1201450351916137
1201450385248480
1201450418580772
1201450451913064
