1202152284466153
1202152317798496
1202152351130788
1202152384463132
1202152417795424
1202152451127715
1202152484460007
1202152517792351
1202152551124642
1202152584456934
1202152617789278
1202152651121569
1202152684453861
1202152717786153
1202152751118496
1202152784450788
1202152817783133
1202152851115423
1202152884447715
1202152917780007
1202152951112351
1202152984444642
1202153017776935
1202153051109278
1202153084441569
1202153117773861
1202153151106153
1202153184438496
1202153217770788
1202153251103080
1202153284435423
1202153317767715
1202153351100007
1202153384432351
1202153417764642
1202153451096934
1202153484429279
1202153517761569
1202153551093861
1202153584426153
1202153617758497
1202153651090789
1202153684423081
1202153717755423
1202153751087715
1202153784420007
1202153817752351
1202153851084642
1202153884416934
1202153917749278
1202153951081569
1202153984413861
1202154017746153
1202154051078496
1202154084410788
1202154117743132
1202154151075423
1202154184407715
1202154217740007
1202154251072351
1202154284404643
1202154317736934
1202154351069278
1202154384401569
1202154417733861
1202154451066153
1202154484398496
1202154517730788
1202154551063080
1202154584395423
1202154617727715
1202154651060007
1202154684392352
1202154717724642
1202154751056934
1202154784389278
1202154817721569
1202154851053862
1202154884386154
1202154917718496
1202154951050788
1202154984383080
1202155017715423
1202155051047715
1202155084380007
1202155117712351
1202155151044642
1202155184376934
1202155217709278
1202155251041569
1202155284373861
1202155317706153
1202155351038496
1202155384370788
1202155417703080
1202155451035423
1202155484367716
1202155517700008
1202155551032351
1202155584364642
1202155617696934
1202155651029278
1202155684361569
1202155717693861
1202155751026153
1202155784358496
1202155817690788
1202155851023132
1202155884355423
1202155917687715
1202155951020007
1202155984352351
1202156017684642
1202156051016934
1202156084349278
1202156117681570
1202156151013862
1202156184346153
1202156217678496
1202156251010788
1202156284343132
1202156317675423
1202156351007715
1202156384340007
1202156417672351
1202156451004642
1202156484336934
1202156517669279
1202156551001569
1202156584333861
1202156617666153
1202156650998496
1202156684330788
1202156717663081
1202156750995424
1202156784327715
1202156817660007
1202156850992351
1202156884324642
1202156917656934
1202156950989278
1202156984321569
1202157017653861
1202157050986153
1202157084318496
1202157117650788
1202157150983080
1202157184315423
1202157217647715
1202157250980007
1202157284312351
1202157317644643
1202157350976935
1202157384309278
1202157417641569
1202157450973861
1202157484306153
1202157517638496
1202157550970788
1202157584303080
1202157617635423
1202157650967715
1202157684300007
1202157717632351
1202157750964642
1202157784296934
1202157817629278
1202157850961569
1202157884293861
1202157917626153
1202157950958497
1202157984290789
1202158017623132
1202158050955423
1202158084287715
1202158117620007
1202158150952351
1202158184284642
1202158217616934
1202158250949278
1202158284281569
1202158317613861
1202158350946153
1202158384278496
1202158417610788
1202158450943080
1202158484275423
1202158517607715
1202158550940007
1202158584272351
1202158617604642
1202158650936934
1202158684269278
1202158717601569
1202158750933861
1202158784266153
1202158817598496
1202158850930788
1202158884263080
1202158917595423
1202158950927715
1202158984260007
1202159017592352
1202159050924642
1202159084256934
1202159117589278
1202159150921569
1202159184253862
1202159217586154
1202159250918496
1202159284250788
1202159317583132
1202159350915423
1202159384247715
1202159417580007
1202159450912351
1202159484244642
1202159517576934
1202159550909278
1202159584241569
1202159617573861
1202159650906153
1202159684238496
1202159717570788
1202159750903132
1202159784235424
1202159817567716
1202159850900008
1202159884232351
1202159917564642
1202159950896934
1202159984229278
1202160017561569
1202160050893861
1202160084226153
1202160117558496
1202160150890788
1202160184223080
1202160217555423
1202160250887715
1202160284220007
1202160317552351
1202160350884642
1202160384216934
1202160417549278
1202160450881570
1202160484213861
1202160517546153
1202160550878496
1202160584210788
1202160617543080
1202160650875423
1202160684207715
1202160717540007
1202160750872351
1202160784204642
1202160817536934
1202160850869279
1202160884201569
1202160917533861
1202160950866153
1202160984198496
1202161017530789
1202161050863132
1202161084195423
1202161117527715
1202161150860007
1202161184192351
1202161217524642
1202161250856934
1202161284189278
1202161317521569
1202161350853861
1202161384186153
1202161417518496
1202161450850788
1202161484183080
1202161517515423
1202161550847715
1202161584180007
1202161617512351
1202161650844643
1202161684176935
1202161717509278
1202161750841569
1202161784173861
1202161817506153
1202161850838496
1202161884170788
1202161917503080
1202161950835423
1202161984167715
1202162017500007
1202162050832351
1202162084164642
1202162117496934
1202162150829278
1202162184161569
1202162217493861
1202162250826153
1202162284158497
1202162317490789
1202162350823080
1202162384155423
1202162417487715
1202162450820007
1202162484152351
1202162517484642
1202162550816934
1202162584149278
1202162617481569
1202162650813861
1202162684146153
1202162717478496
1202162750810788
1202162784143132
1202162817475423
1202162850807715
1202162884140008
1202162917472351
1202162950804642
1202162984136934
1202163017469278
1202163050801569
1202163084133861
1202163117466153
1202163150798496
1202163184130788
1202163217463080
1202163250795423
1202163284127715
1202163317460007
1202163350792352
1202163384124642
1202163417456934
1202163450789278
1202163484121570
1202163517453862
1202163550786154
1202163584118496
1202163617450788
1202163650783080
1202163684115423
1202163717447715
1202163750780007
1202163784112351
1202163817444642
1202163850776934
1202163884109278
1202163917441569
1202163950773861
1202163984106153
1202164017438496
1202164050770788
1202164084103080
1202164117435424
1202164150767716
1202164184100007
1202164217432351
1202164250764642
1202164284096934
1202164317429278
1202164350761569
1202164384093861
1202164417426153
1202164450758496
1202164484090788
1202164517423080
1202164550755423
1202164584087715
1202164617420007
1202164650752351
1202164684084642
1202164717416935
1202164750749278
1202164784081569
1202164817413861
1202164850746153
1202164884078496
1202164917410788
1202164950743132
1202164984075423
1202165017407715
1202165050740007
1202165084072351
1202165117404642
1202165150736934
1202165184069279
1202165217401569
1202165250733861
1202165284066153
1202165317398496
1202165350730789
1202165384063081
1202165417395423
1202165450727715
1202165484060007
1202165517392351
1202165550724642
1202165584056934
1202165617389278
1202165650721569
1202165684053861
1202165717386153
1202165750718496
1202165784050788
1202165817383080
1202165850715423
1202165884047715
1202165917380007
1202165950712351
1202165984044643
1202166017376935
1202166050709278
1202166084041569
1202166117373861
1202166150706153
1202166184038496
1202166217370788
1202166250703132
1202166284035423
1202166317367715
1202166350700007
1202166384032352
1202166417364642
1202166450696934
1202166484029278
1202166517361569
1202166550693861
1202166584026154
1202166617358497
1202166650690788
1202166684023080
1202166717355423
1202166750687715
1202166784020007
1202166817352351
1202166850684642
1202166884016934
1202166917349278
1202166950681569
1202166984013861
1202167017346153
1202167050678496
1202167084010788
1202167117343080
1202167150675423
1202167184007716
1202167217340008
1202167250672351
1202167284004642
1202167317336934
1202167350669278
1202167384001569
1202167417333861
1202167450666153
1202167483998496
1202167517330788
1202167550663080
1202167583995423
1202167617327715
1202167650660007
1202167683992351
1202167717324642
1202167750656934
1202167783989278
1202167817321570
1202167850653862
1202167883986153
1202167917318496
1202167950650788
1202167983983132
1202168017315423
1202168050647715
1202168083980007
1202168117312351
1202168150644642
1202168183976934
1202168217309279
1202168250641569
1202168283973861
1202168317306153
1202168350638496
1202168383970788
1202168417303132
1202168450635424
1202168483967715
1202168517300007
1202168550632351
1202168583964642
1202168617296934
1202168650629278
1202168683961569
1202168717293861
1202168750626153
1202168783958496
1202168817290788
1202168850623080
1202168883955423
1202168917287715
1202168950620007
1202168983952351
1202169017284642
1202169050616935
1202169083949278
1202169117281569
1202169150613861
1202169183946153
1202169217278496
1202169250610788
1202169283943080
1202169317275423
1202169350607715
1202169383940007
1202169417272351
1202169450604642
1202169483936934
1202169517269279
1202169550601569
1202169583933861
1202169617266153
1202169650598497
1202169683930789
1202169717263132
1202169750595423
1202169783927715
1202169817260007
1202169850592351
1202169883924642
1202169917256934
1202169950589278
1202169983921569
1202170017253861
1202170050586153
1202170083918496
1202170117250788
1202170150583080
1202170183915423
1202170217247715
1202170250580007
1202170283912351
1202170317244643
1202170350576934
1202170383909278
1202170417241569
1202170450573861
1202170483906153
1202170517238496
1202170550570788
1202170583903080
1202170617235423
1202170650567715
1202170683900007
1202170717232352
1202170750564642
1202170783896934
1202170817229278
1202170850561569
1202170883893862
1202170917226154
1202170950558496
1202170983890788
1202171017223080
1202171050555423
1202171083887715
1202171117220007
1202171150552351
1202171183884642
1202171217216934
1202171250549278
1202171283881569
1202171317213861
1202171350546153
1202171383878496
1202171417210788
1202171450543132
1202171483875423
1202171517207716
1202171550540008
1202171583872351
1202171617204642
1202171650536934
1202171683869278
1202171717201569
1202171750533861
1202171783866153
1202171817198496
1202171850530788
1202171883863080
1202171917195423
1202171950527715
1202171983860007
1202172017192351
1202172050524642
1202172083856934
1202172117189278
1202172150521570
1202172183853862
1202172217186153
1202172250518496
1202172283850788
1202172317183080
1202172350515423
1202172383847715
1202172417180007
1202172450512351
1202172483844642
1202172517176934
1202172550509279
1202172583841569
1202172617173861
1202172650506153
1202172683838496
1202172717170788
1202172750503081
1202172783835424
1202172817167715
1202172850500007
1202172883832351
1202172917164642
1202172950496934
1202172983829278
1202173017161569
1202173050493861
1202173083826153
1202173117158496
1202173150490788
1202173183823133
1202173217155423
1202173250487715
1202173283820007
1202173317152351
1202173350484643
1202173383816935
1202173417149278
1202173450481569
1202173483813861
1202173517146153
1202173550478496
1202173583810788
1202173617143080
1202173650475423
1202173683807715
1202173717140007
1202173750472351
1202173783804642
1202173817136934
1202173850469278
1202173883801569
1202173917133861
1202173950466153
1202173983798497
1202174017130789
1202174050463080
1202174083795423
1202174117127715
1202174150460007
1202174183792351
1202174217124642
1202174250456934
1202174283789278
1202174317121569
1202174350453861
1202174383786153
1202174417118496
1202174450450788
1202174483783080
1202174517115423
1202174550447715
1202174583780007
1202174617112351
1202174650444642
1202174683776934
1202174717109278
1202174750441569
1202174783773861
1202174817106153
1202174850438496
1202174883770788
1202174917103080
1202174950435423
1202174983767715
1202175017100007
1202175050432352
1202175083764642
1202175117096934
1202175150429278
1202175183761569
1202175217093862
1202175250426154
1202175283758496
1202175317090788
1202175350423080
1202175383755423
1202175417087715
1202175450420007
1202175483752351
1202175517084642
1202175550416934
1202175583749278
1202175617081569
1202175650413861
1202175683746153
1202175717078496
1202175750410788
1202175783743080
1202175817075424
1202175850407716
1202175883740008
1202175917072351
1202175950404642
1202175983736934
1202176017069278
1202176050401569
1202176083733861
1202176117066153
1202176150398496
1202176183730788
1202176217063080
1202176250395423
1202176283727715
1202176317060007
1202176350392351
1202176383724642
1202176417056934
1202176450389278
1202176483721570
1202176517053861
1202176550386153
1202176583718496
1202176617050788
1202176650383080
1202176683715423
1202176717047715
1202176750380007
1202176783712351
1202176817044642
1202176850376934
1202176883709279
1202176917041569
1202176950373861
1202176983706153
1202177017038496
1202177050370789
1202177083703081
1202177117035423
1202177150367715
1202177183700007
1202177217032351
1202177250364642
1202177283696934
1202177317029278
1202177350361569
1202177383693861
1202177417026153
1202177450358496
1202177483690788
1202177517023080
1202177550355423
1202177583687715
1202177617020007
1202177650352351
1202177683684643
1202177717016935
1202177750349278
1202177783681569
1202177817013861
1202177850346153
1202177883678496
1202177917010788
1202177950343080
1202177983675423
1202178017007715
1202178050340007
1202178083672351
1202178117004642
1202178150336934
1202178183669278
1202178217001569
1202178250333861
1202178283666153
1202178316998497
1202178350330788
1202178383663132
1202178416995423
1202178450327715
1202178483660007
1202178516992351
1202178550324642
1202178583656934
1202178616989278
1202178650321569
1202178683653861
1202178716986153
1202178750318496
1202178783650788
1202178816983080
1202178850315423
1202178883647715
1202178916980008
1202178950312351
1202178983644642
1202179016976934
1202179050309278
1202179083641569
1202179116973861
1202179150306153
1202179183638496
1202179216970788
1202179250303080
1202179283635423
1202179316967715
1202179350300007
1202179383632352
1202179416964642
1202179450296934
1202179483629278
1202179516961570
1202179550293862
1202179583626154
1202179616958496
1202179650290788
1202179683623080
1202179716955423
1202179750287715
1202179783620007
1202179816952351
1202179850284642
1202179883616934
1202179916949278
1202179950281569
1202179983613861
1202180016946153
1202180050278496
1202180083610788
1202180116943132
1202180150275424
1202180183607716
1202180216940007
1202180250272351
1202180283604642
1202180316936934
1202180350269278
1202180383601569
1202180416933861
1202180450266153
1202180483598496
1202180516930788
1202180550263080
1202180583595423
1202180616927715
1202180650260007
1202180683592351
1202180716924642
1202180750256935
1202180783589278
1202180816921569
1202180850253861
1202180883586153
1202180916918496
1202180950250788
1202180983583080
1202181016915423
1202181050247715
1202181083580007
1202181116912351
1202181150244642
1202181183576934
1202181216909279
1202181250241569
1202181283573861
1202181316906153
1202181350238496
1202181383570789
1202181416903081
1202181450235423
1202181483567715
1202181516900007
1202181550232351
1202181583564642
1202181616896934
1202181650229278
1202181683561569
1202181716893861
1202181750226153
1202181783558496
1202181816890788
1202181850223132
1202181883555423
1202181916887715
1202181950220007
1202181983552351
1202182016884643
1202182050216935
1202182083549278
1202182116881569
1202182150213861
1202182183546153
1202182216878496
1202182250210788
1202182283543080
1202182316875423
1202182350207715
1202182383540007
1202182416872352
1202182450204642
1202182483536934
1202182516869278
1202182550201569
1202182583533861
1202182616866154
1202182650198497
1202182683530788
1202182716863080
1202182750195423
1202182783527715
1202182816860007
1202182850192351
1202182883524642
1202182916856934
1202182950189278
1202182983521569
1202183016853861
1202183050186153
1202183083518496
1202183116850788
1202183150183080
1202183183515423
1202183216847716
1202183250180008
1202183283512351
1202183316844642
1202183350176934
1202183383509278
1202183416841569
1202183450173861
1202183483506153
1202183516838496
1202183550170788
1202183583503132
1202183616835423
1202183650167715
1202183683500007
1202183716832351
1202183750164642
1202183783496934
1202183816829278
1202183850161570
1202183883493862
1202183916826153
1202183950158496
1202183983490788
1202184016823080
1202184050155423
1202184083487715
1202184116820007
1202184150152351
1202184183484642
1202184216816934
1202184250149279
1202184283481569
1202184316813861
1202184350146153
1202184383478496
1202184416810788
1202184450143080
1202184483475424
1202184516807715
1202184550140007
1202184583472351
1202184616804642
1202184650136934
1202184683469278
1202184716801569
1202184750133861
1202184783466153
1202184816798496
1202184850130788
1202184883463080
1202184916795423
1202184950127715
1202184983460007
1202185016792351
1202185050124642
1202185083456935
1202185116789278
1202185150121569
1202185183453861
1202185216786153
1202185250118496
1202185283450788
1202185316783132
1202185350115423
1202185383447715
1202185416780007
1202185450112351
1202185483444642
1202185516776934
1202185550109279
1202185583441569
1202185616773861
1202185650106153
1202185683438497
1202185716770789
1202185750103081
1202185783435423
1202185816767715
1202185850100007
1202185883432351
1202185916764642
1202185950096934
1202185983429278
1202186016761569
1202186050093861
1202186083426153
1202186116758496
1202186150090788
1202186183423080
1202186216755423
1202186250087715
1202186283420007
1202186316752351
1202186350084643
1202186383416934
1202186416749278
1202186450081569
1202186483413861
1202186516746153
1202186550078496
1202186583410788
1202186616743080
1202186650075423
1202186683407715
1202186716740007
1202186750072352
1202186783404642
1202186816736934
1202186850069278
1202186883401569
1202186916733862
1202186950066154
1202186983398496
1202187016730788
1202187050063132
1202187083395423
1202187116727715
1202187150060007
1202187183392351
1202187216724642
1202187250056934
1202187283389278
1202187316721569
1202187350053861
1202187383386153
1202187416718496
1202187450050788
1202187483383080
1202187516715423
1202187550047716
1202187583380008
1202187616712351
1202187650044642
1202187683376934
1202187716709278
1202187750041569
1202187783373861
1202187816706153
1202187850038496
1202187883370788
1202187916703080
1202187950035423
1202187983367715
1202188016700007
1202188050032351
1202188083364642
1202188116696934
1202188150029278
1202188183361570
1202188216693862
1202188250026153
1202188283358496
1202188316690788
1202188350023080
1202188383355423
1202188416687715
1202188450020007
1202188483352351
1202188516684642
1202188550016934
1202188583349279
1202188616681569
1202188650013861
1202188683346153
1202188716678496
1202188750010788
1202188783343081
1202188816675424
1202188850007715
1202188883340007
1202188916672351
1202188950004642
1202188983336934
1202189016669278
1202189050001569
1202189083333861
1202189116666153
1202189149998496
1202189183330788
1202189216663080
1202189249995423
1202189283327715
1202189316660007
1202189349992351
1202189383324643
1202189416656935
1202189449989278
1202189483321569
1202189516653861
1202189549986153
1202189583318496
1202189616650788
1202189649983080
1202189683315423
1202189716647715
1202189749980007
1202189783312351
1202189816644642
1202189849976934
1202189883309278
1202189916641569
1202189949973861
1202189983306153
1202190016638497
1202190049970789
1202190083303080
1202190116635423
1202190149967715
1202190183300007
1202190216632351
1202190249964642
1202190283296934
1202190316629278
1202190349961569
1202190383293861
1202190416626153
1202190449958496
1202190483290788
1202190516623132
1202190549955423
1202190583287715
1202190616620007
1202190649952351
1202190683284642
1202190716616934
1202190749949278
1202190783281569
1202190816613861
1202190849946153
1202190883278496
1202190916610788
1202190949943080
1202190983275423
1202191016607715
1202191049940007
1202191083272352
1202191116604642
1202191149936934
1202191183269278
1202191216601569
1202191249933862
1202191283266154
1202191316598496
1202191349930788
1202191383263080
1202191416595423
1202191449927715
1202191483260007
1202191516592351
1202191549924642
1202191583256934
1202191616589278
1202191649921569
1202191683253861
1202191716586153
1202191749918496
1202191783250788
1202191816583080
1202191849915424
1202191883247716
1202191916580008
1202191949912351
1202191983244642
1202192016576934
1202192049909278
1202192083241569
1202192116573861
1202192149906153
1202192183238496
1202192216570788
1202192249903132
1202192283235423
1202192316567715
1202192349900007
1202192383232351
1202192416564642
1202192449896934
1202192483229278
1202192516561570
1202192549893861
1202192583226153
1202192616558496
1202192649890788
1202192683223132
1202192716555423
1202192749887715
1202192783220007
1202192816552351
1202192849884642
1202192883216934
1202192916549279
1202192949881569
1202192983213861
1202193016546153
1202193049878496
1202193083210789
1202193116543081
1202193149875423
1202193183207715
1202193216540007
1202193249872351
1202193283204642
1202193316536934
1202193349869278
1202193383201569
1202193416533861
1202193449866153
1202193483198496
1202193516530788
1202193549863080
1202193583195423
1202193616527715
1202193649860007
1202193683192351
1202193716524643
1202193749856935
1202193783189278
1202193816521569
1202193849853861
1202193883186153
1202193916518496
1202193949850788
1202193983183132
1202194016515423
1202194049847715
1202194083180007
1202194116512352
1202194149844642
1202194183176934
1202194216509278
1202194249841569
1202194283173861
1202194316506153
1202194349838497
1202194383170788
1202194416503132
1202194449835423
1202194483167715
1202194516500007
1202194549832351
1202194583164642
1202194616496934
1202194649829278
1202194683161569
1202194716493861
1202194749826153
1202194783158496
1202194816490788
1202194849823080
1202194883155423
1202194916487715
1202194949820008
1202194983152351
1202195016484642
1202195049816934
1202195083149278
1202195116481569
1202195149813861
1202195183146153
1202195216478496
1202195249810788
1202195283143080
1202195316475423
1202195349807715
1202195383140007
1202195416472352
1202195449804642
1202195483136934
1202195516469278
1202195549801570
1202195583133862
1202195616466154
1202195649798496
1202195683130788
1202195716463132
1202195749795423
1202195783127715
1202195816460007
1202195849792351
1202195883124642
1202195916456934
1202195949789278
1202195983121569
1202196016453861
1202196049786153
1202196083118496
1202196116450788
1202196149783080
1202196183115424
1202196216447716
1202196249780007
1202196283112351
1202196316444642
1202196349776934
1202196383109278
1202196416441569
1202196449773861
1202196483106153
1202196516438496
1202196549770788
1202196583103080
1202196616435423
1202196649767715
1202196683100007
1202196716432351
1202196749764642
1202196783096935
1202196816429278
1202196849761569
1202196883093861
1202196916426153
1202196949758496
1202196983090788
1202197016423080
1202197049755423
1202197083087715
1202197116420007
1202197149752351
1202197183084642
1202197216416934
1202197249749279
1202197283081569
1202197316413861
1202197349746153
1202197383078496
1202197416410789
1202197449743081
1202197483075423
1202197516407715
1202197549740007
1202197583072351
1202197616404642
1202197649736934
1202197683069278
1202197716401569
1202197749733861
1202197783066153
1202197816398496
1202197849730788
1202197883063080
1202197916395423
1202197949727715
1202197983060007
1202198016392351
1202198049724643
1202198083056935
1202198116389278
1202198149721569
1202198183053861
1202198216386153
1202198249718496
1202198283050788
1202198316383080
1202198349715423
1202198383047715
1202198416380007
1202198449712352
1202198483044642
1202198516376934
1202198549709278
1202198583041569
1202198616373861
1202198649706154
1202198683038497
1202198716370788
1202198749703132
1202198783035423
1202198816367715
1202198849700007
1202198883032351
1202198916364642
1202198949696934
1202198983029278
1202199016361569
1202199049693861
1202199083026153
1202199116358496
1202199149690788
1202199183023080
1202199216355423
1202199249687716
1202199283020008
1202199316352351
1202199349684642
1202199383016934
1202199416349278
1202199449681569
1202199483013861
1202199516346153
1202199549678496
1202199583010788
1202199616343080
1202199649675423
1202199683007715
1202199716340007
1202199749672351
1202199783004642
1202199816336934
1202199849669278
1202199883001570
1202199916333862
1202199949666153
1202199982998496
1202200016330788
1202200049663080
1202200082995423
1202200116327715
1202200149660007
1202200182992351
1202200216324642
1202200249656934
1202200282989279
1202200316321569
1202200349653861
1202200382986153
1202200416318496
1202200449650788
1202200482983080
1202200516315424
1202200549647715
1202200582980007
1202200616312351
1202200649644642
1202200682976934
1202200716309278
1202200749641569
1202200782973861
1202200816306153
1202200849638496
1202200882970788
1202200916303080
1202200949635423
1202200982967715
1202201016300007
1202201049632351
1202201082964642
1202201116296935
1202201149629278
1202201182961569
1202201216293861
1202201249626153
1202201282958496
1202201316290788
1202201349623080
1202201382955423
1202201416287715
1202201449620007
1202201482952351
1202201516284642
1202201549616934
1202201582949279
1202201616281569
1202201649613861
1202201682946153
1202201716278497
1202201749610789
1202201782943081
1202201816275423
1202201849607715
1202201882940007
1202201916272351
1202201949604642
1202201982936934
1202202016269278
1202202049601569
1202202082933861
1202202116266153
1202202149598496
1202202182930788
1202202216263132
1202202249595423
1202202282927715
1202202316260007
1202202349592351
1202202382924643
1202202416256934
1202202449589278
1202202482921569
1202202516253861
1202202549586153
1202202582918496
1202202616250788
1202202649583080
1202202682915423
1202202716247715
1202202749580007
1202202782912352
1202202816244642
1202202849576934
1202202882909278
1202202916241569
1202202949573862
1202202982906154
1202203016238496
1202203049570788
1202203082903080
1202203116235423
1202203149567715
1202203182900007
1202203216232351
1202203249564642
1202203282896934
1202203316229278
1202203349561569
1202203382893861
1202203416226153
1202203449558496
1202203482890788
1202203516223080
1202203549555423
1202203582887716
1202203616220008
1202203649552351
1202203682884642
1202203716216934
1202203749549278
1202203782881569
1202203816213861
1202203849546153
1202203882878496
1202203916210788
1202203949543132
1202203982875423
1202204016207715
1202204049540007
1202204082872351
1202204116204642
1202204149536934
1202204182869278
1202204216201570
1202204249533862
1202204282866153
1202204316198496
1202204349530788
1202204382863080
1202204416195423
1202204449527715
1202204482860007
1202204516192351
1202204549524642
1202204582856934
1202204616189279
1202204649521569
1202204682853861
1202204716186153
1202204749518496
1202204782850788
1202204816183081
1202204849515424
1202204882847715
1202204916180007
1202204949512351
1202204982844642
1202205016176934
1202205049509278
1202205082841569
1202205116173861
1202205149506153
1202205182838496
1202205216170788
1202205249503080
1202205282835423
1202205316167715
1202205349500007
1202205382832351
1202205416164643
1202205449496935
1202205482829278
1202205516161569
1202205549493861
1202205582826153
1202205616158496
1202205649490788
1202205682823132
1202205716155423
1202205749487715
1202205782820007
1202205816152351
1202205849484642
1202205882816934
1202205916149278
1202205949481569
1202205982813861
1202206016146153
1202206049478497
1202206082810789
1202206116143080
1202206149475423
1202206182807715
1202206216140007
1202206249472351
1202206282804642
1202206316136934
1202206349469278
1202206382801569
1202206416133861
1202206449466153
1202206482798496
1202206516130788
1202206549463080
1202206582795423
1202206616127715
1202206649460007
1202206682792351
1202206716124642
1202206749456934
1202206782789278
1202206816121569
1202206849453861
1202206882786153
1202206916118496
1202206949450788
1202206982783080
1202207016115423
1202207049447715
1202207082780007
1202207116112352
1202207149444642
1202207182776934
1202207216109278
1202207249441569
1202207282773862
1202207316106154
1202207349438496
1202207382770788
1202207416103132
1202207449435423
1202207482767715
1202207516100007
1202207549432351
1202207582764642
1202207616096934
1202207649429278
1202207682761569
1202207716093861
1202207749426153
1202207782758496
1202207816090788
1202207849423080
1202207882755424
1202207916087716
1202207949420008
1202207982752351
1202208016084642
1202208049416934
1202208082749278
1202208116081569
1202208149413861
1202208182746153
1202208216078496
1202208249410788
1202208282743080
1202208316075423
1202208349407715
1202208382740007
1202208416072351
1202208449404642
1202208482736934
1202208516069278
1202208549401570
1202208582733861
1202208616066153
1202208649398496
1202208682730788
1202208716063080
1202208749395423
1202208782727715
1202208816060007
1202208849392351
1202208882724642
1202208916056934
1202208949389279
1202208982721569
1202209016053861
1202209049386153
1202209082718496
1202209116050789
1202209149383132
1202209182715423
1202209216047715
1202209249380007
1202209282712351
1202209316044642
1202209349376934
1202209382709278
1202209416041569
1202209449373861
1202209482706153
1202209516038496
1202209549370788
1202209582703080
1202209616035423
1202209649367715
1202209682700007
1202209716032351
1202209749364643
1202209782696935
1202209816029278
1202209849361569
1202209882693861
1202209916026153
1202209949358496
1202209982690788
1202210016023080
1202210049355423
1202210082687715
1202210116020007
1202210149352352
1202210182684642
1202210216016934
1202210249349278
1202210282681569
1202210316013861
1202210349346153
1202210382678497
1202210416010788
1202210449343080
1202210482675423
1202210516007715
1202210549340007
1202210582672351
1202210616004642
1202210649336934
1202210682669278
1202210716001569
1202210749333861
1202210782666153
1202210815998496
1202210849330788
1202210882663132
1202210915995423
1202210949327715
1202210982660008
1202211015992351
1202211049324642
1202211082656934
1202211115989278
1202211149321569
1202211182653861
1202211215986153
1202211249318496
1202211282650788
1202211315983080
1202211349315423
1202211382647715
1202211415980007
1202211449312352
1202211482644642
1202211515976934
1202211549309278
1202211582641570
1202211615973862
1202211649306154
1202211682638496
1202211715970788
1202211749303080
1202211782635423
1202211815967715
1202211849300007
1202211882632351
1202211915964642
1202211949296934
1202211982629278
1202212015961569
1202212049293861
1202212082626153
1202212115958496
1202212149290788
1202212182623080
1202212215955424
1202212249287716
1202212282620007
1202212315952351
1202212349284642
1202212382616934
1202212415949278
1202212449281569
1202212482613861
1202212515946153
1202212549278496
1202212582610788
1202212615943133
1202212649275423
1202212682607715
1202212715940007
1202212749272351
1202212782604642
1202212815936935
1202212849269278
1202212882601569
1202212915933861
1202212949266153
1202212982598496
1202213015930788
1202213049263080
1202213082595423
1202213115927715
1202213149260007
1202213182592351
1202213215924642
1202213249256934
1202213282589279
1202213315921569
1202213349253861
1202213382586153
1202213415918496
1202213449250789
1202213482583081
1202213515915423
1202213549247715
1202213582580007
1202213615912351
1202213649244642
1202213682576934
1202213715909278
1202213749241569
1202213782573861
1202213815906153
1202213849238496
1202213882570788
1202213915903080
1202213949235423
1202213982567715
1202214015900007
1202214049232351
1202214082564643
1202214115896935
1202214149229278
1202214182561569
1202214215893861
1202214249226153
1202214282558496
1202214315890788
1202214349223132
1202214382555423
1202214415887715
1202214449220007
1202214482552352
1202214515884642
1202214549216934
1202214582549278
1202214615881569
1202214649213861
1202214682546154
1202214715878497
1202214749210788
1202214782543132
1202214815875423
1202214849207715
1202214882540007
1202214915872351
1202214949204642
1202214982536934
1202215015869278
1202215049201569
1202215082533861
1202215115866153
1202215149198496
1202215182530788
1202215215863080
1202215249195423
1202215282527716
1202215315860008
1202215349192351
1202215382524642
1202215415856934
1202215449189278
1202215482521569
1202215515853861
1202215549186153
1202215582518496
1202215615850788
1202215649183080
1202215682515423
1202215715847715
1202215749180007
1202215782512351
1202215849176934
1202215882509278
1202215915841570
1202215949173862
1202215982506153
1202216015838496
1202216049170788
1202216082503132
1202216115835423
1202216149167715
1202216182500007
1202216215832351
1202216249164642
1202216282496934
1202216315829279
1202216349161569
1202216382493861
1202216415826153
1202216449158496
1202216482490788
1202216515823080
1202216549155424
1202216582487715
1202216615820007
1202216649152351
1202216682484642
1202216715816934
1202216749149278
1202216782481569
1202216815813861
1202216849146153
1202216882478496
1202216915810788
1202216949143080
1202216982475423
1202217015807715
1202217049140007
1202217082472351
1202217115804642
1202217149136935
1202217182469278
1202217215801569
1202217249133861
1202217282466153
1202217315798496
1202217349130788
1202217382463080
1202217415795423
1202217449127715
1202217482460007
1202217515792351
1202217549124642
1202217582456934
1202217615789279
1202217649121569
1202217682453861
1202217715786153
1202217749118497
1202217782450789
1202217815783132
1202217849115423
1202217882447715
1202217915780007
1202217949112351
1202217982444642
1202218015776934
1202218049109278
1202218082441569
1202218115773861
1202218149106153
1202218182438496
1202218215770788
1202218249103080
1202218282435423
1202218315767715
1202218349100007
1202218382432351
1202218415764643
1202218449096934
1202218482429278
1202218515761569
1202218549093861
1202218582426153
1202218615758496
1202218649090788
1202218682423080
1202218715755423
1202218749087715
1202218782420007
1202218815752352
1202218849084642
1202218882416934
1202218915749278
1202218949081569
1202218982413862
1202219015746154
1202219049078496
1202219082410788
1202219115743080
1202219149075423
1202219182407715
1202219215740007
1202219249072351
1202219282404642
1202219315736934
1202219349069278
1202219382401569
1202219415733861
1202219449066153
1202219482398496
1202219515730788
1202219549063132
1202219582395424
1202219615727716
1202219649060008
1202219682392351
1202219715724642
1202219749056934
1202219782389278
1202219815721569
1202219849053861
1202219882386153
1202219915718496
1202219949050788
1202219982383080
1202220015715423
1202220049047715
1202220082380007
1202220115712351
1202220149044642
1202220182376934
1202220215709278
1202220249041570
1202220282373862
1202220315706153
1202220349038496
1202220382370788
1202220415703080
1202220449035423
1202220482367715
1202220515700007
1202220549032351
1202220582364642
1202220615696934
1202220649029279
1202220682361569
1202220715693861
1202220749026153
1202220782358496
1202220815690788
1202220849023081
1202220882355424
1202220915687715
1202220949020007
1202220982352351
1202221015684642
1202221049016934
1202221082349278
1202221115681569
1202221149013861
1202221182346153
1202221215678496
1202221249010788
1202221282343133
1202221315675423
1202221349007715
1202221382340007
1202221415672351
1202221449004643
1202221482336935
1202221515669278
1202221549001569
1202221582333861
1202221615666153
1202221648998496
1202221682330788
1202221715663080
1202221748995423
1202221782327715
1202221815660007
1202221848992351
1202221882324642
1202221915656934
1202221948989278
1202221982321569
1202222015653861
1202222048986153
1202222082318497
1202222115650789
1202222148983080
1202222182315423
1202222215647715
1202222248980007
1202222282312351
1202222315644642
1202222348976934
1202222382309278
1202222415641569
1202222448973861
1202222482306153
1202222515638496
1202222548970788
1202222582303080
1202222615635423
1202222648967715
1202222682300008
1202222715632351
1202222748964642
1202222782296934
1202222815629278
1202222848961569
1202222882293861
1202222915626153
1202222948958496
1202222982290788
1202223015623080
1202223048955423
1202223082287715
1202223115620007
1202223148952352
1202223182284642
1202223215616934
1202223248949278
1202223282281569
1202223315613862
1202223348946154
1202223382278496
1202223415610788
1202223448943080
1202223482275423
1202223515607715
1202223548940007
1202223582272351
1202223615604642
1202223648936934
1202223682269278
1202223715601569
