1202385492711794
1202385526044085
1202385559376377
1202385592708669
1202385626041012
1202385659373304
1202385692705596
1202385726037940
1202385759370231
1202385792702523
1202385826034867
1202385859367158
1202385892699450
1202385926031794
1202385959364085
1202385992696377
1202386026028669
1202386059361013
1202386092693305
1202386126025596
1202386159357940
1202386192690231
1202386226022523
1202386259354867
1202386292687158
1202386326019450
1202386359351794
1202386392684085
1202386426016377
1202386459348669
1202386492681012
1202386526013304
1202386559345596
1202386592677940
1202386626010231
1202386659342524
1202386692674867
1202386726007158
1202386759339450
1202386792671794
1202386826004085
1202386859336377
1202386892668669
1202386926001012
1202386959333304
1202386992665596
1202387025997940
1202387059330231
1202387092662523
1202387125994868
1202387159327158
1202387192659450
1202387225991794
1202387259324086
1202387292656378
1202387325988670
1202387359321012
1202387392653304
1202387425985596
1202387459317940
1202387492650231
1202387525982523
1202387559314867
1202387592647158
1202387625979450
1202387659311794
1202387692644085
1202387725976377
1202387759308669
1202387792641012
1202387825973304
1202387859305596
1202387892637940
1202387925970232
1202387959302523
1202387992634867
1202388025967158
1202388059299450
1202388092631794
1202388125964085
1202388159296377
1202388192628669
1202388225961012
1202388259293304
1202388292625596
1202388325957941
1202388359290231
1202388392622523
1202388425954867
1202388459287158
1202388492619450
1202388525951794
1202388559284085
1202388592616377
1202388625948669
1202388659281012
1202388692613304
1202388725945596
1202388759277940
1202388792610231
1202388825942523
1202388859274867
1202388892607158
1202388925939450
1202388959271795
1202388992604085
1202389025936377
1202389059268669
1202389092601012
1202389125933305
1202389159265597
1202389192597940
1202389225930231
1202389259262523
1202389292594867
1202389325927158
1202389359259450
1202389392591794
1202389425924085
1202389459256377
1202389492588669
1202389525921012
1202389559253304
1202389592585596
1202389625917940
1202389659250231
1202389692582523
1202389725914867
1202389759247159
1202389792579451
1202389825911794
1202389859244085
1202389892576377
1202389925908669
1202389959241012
1202389992573304
1202390025905596
1202390059237940
1202390092570231
1202390125902523
1202390159234868
1202390192567158
1202390225899450
1202390259231794
1202390292564085
1202390325896377
1202390359228670
1202390392561013
1202390425893304
1202390459225596
1202390492557940
1202390525890231
1202390559222523
1202390592554867
1202390625887158
1202390659219450
1202390692551794
1202390725884085
1202390759216377
1202390792548669
1202390825881012
1202390859213304
1202390892545596
1202390925877940
1202390959210232
1202390992542524
1202391025874867
1202391059207158
1202391092539450
1202391125871794
1202391159204085
1202391192536377
1202391225868669
1202391259201012
1202391292533304
1202391325865596
1202391359197940
1202391392530231
1202391425862523
1202391459194867
1202391492527158
1202391525859450
1202391559191794
1202391592524086
1202391625856378
1202391659188669
1202391692521012
1202391725853304
1202391759185596
1202391792517940
1202391825850231
1202391859182523
1202391892514867
1202391925847158
1202391959179450
1202391992511794
1202392025844085
1202392059176377
1202392092508669
1202392125841012
1202392159173304
1202392192505596
1202392225837940
1202392259170232
1202392292502523
1202392325834867
1202392359167158
1202392392499450
1202392425831794
1202392459164085
1202392492496377
1202392525828669
1202392559161012
1202392592493304
1202392625825596
1202392659157941
1202392692490231
1202392725822523
1202392759154867
1202392792487158
1202392825819451
1202392859151794
1202392892484085
1202392925816377
1202392959148669
1202392992481012
1202393025813304
1202393059145596
1202393092477940
1202393125810231
1202393159142523
1202393192474867
1202393225807158
1202393259139450
1202393292471795
1202393325804085
1202393359136377
1202393392468669
1202393425801013
1202393459133305
1202393492465597
1202393525797940
1202393559130231
1202393592462523
1202393625794867
1202393659127158
1202393692459450
1202393725791794
1202393759124085
1202393792456377
1202393825788669
1202393859121012
1202393892453304
1202393925785596
1202393959117940
1202393992450231
1202394025782523
1202394059114867
1202394092447159
1202394125779450
1202394159111794
1202394192444085
1202394225776377
1202394259108669
1202394292441012
1202394325773304
1202394359105596
1202394392437940
1202394425770231
1202394459102523
1202394492434868
1202394525767158
1202394559099450
1202394592431794
1202394625764085
1202394659096378
1202394692428670
1202394725761012
1202394759093304
1202394792425596
1202394825757940
1202394859090231
1202394892422523
1202394925754867
1202394959087158
1202394992419450
1202395025751794
1202395059084085
1202395092416377
1202395125748669
1202395159081012
1202395192413304
1202395225745596
1202395259077940
1202395292410232
1202395325742524
1202395359074867
1202395392407158
1202395425739450
1202395459071794
1202395492404085
1202395525736377
1202395559068669
1202395592401012
1202395625733304
1202395659065596
1202395692397940
1202395725730231
1202395759062523
1202395792394867
1202395825727158
1202395859059450
1202395892391794
1202395925724086
1202395959056378
1202395992388669
1202396025721012
1202396059053304
1202396092385596
1202396125717940
1202396159050231
1202396192382523
1202396225714867
1202396259047158
1202396292379450
1202396325711795
1202396359044085
1202396392376377
1202396425708669
1202396459041012
1202396492373304
1202396525705597
1202396559037940
1202396592370231
1202396625702523
1202396659034867
1202396692367158
1202396725699450
1202396759031794
1202396792364085
1202396825696377
1202396859028669
1202396892361012
1202396925693304
1202396959025596
1202396992357941
1202397025690231
1202397059022523
1202397092354867
1202397125687159
1202397159019451
1202397192351794
1202397225684085
1202397259016377
1202397292348669
1202397325681012
1202397359013304
1202397392345596
1202397425677940
1202397459010231
1202397492342523
1202397525674867
1202397559007158
1202397592339450
1202397625671794
1202397659004085
1202397692336377
1202397725668669
1202397759001013
1202397792333305
1202397825665596
1202397858997940
1202397892330231
1202397925662523
1202397958994867
1202397992327158
1202398025659450
1202398058991794
1202398092324085
1202398125656377
1202398158988669
1202398192321012
1202398225653304
1202398258985596
1202398292317940
1202398325650231
1202398358982523
1202398392314867
1202398425647158
1202398458979450
1202398492311794
1202398525644085
1202398558976377
1202398592308669
1202398625641012
1202398658973304
1202398692305596
1202398725637940
1202398758970231
1202398792302523
1202398825634868
1202398858967158
1202398892299450
1202398925631794
1202398958964085
1202398992296378
1202399025628670
1202399058961012
1202399092293304
1202399125625596
1202399158957940
1202399192290231
1202399225622523
1202399258954867
1202399292287158
1202399325619450
1202399358951794
1202399392284085
1202399425616377
1202399458948669
1202399492281012
1202399525613304
1202399558945596
1202399592277940
1202399625610232
1202399658942524
1202399692274867
1202399725607158
1202399758939450
1202399792271794
1202399825604085
1202399858936377
1202399892268669
1202399925601012
1202399958933304
1202399992265596
1202400025597941
1202400058930231
1202400092262523
1202400125594867
1202400158927158
1202400192259450
1202400225591794
1202400258924086
1202400292256377
1202400325588669
1202400358921012
1202400392253304
1202400425585596
1202400458917940
1202400492250231
1202400525582523
1202400558914867
1202400592247158
1202400625579450
1202400658911795
1202400692244085
1202400725576377
1202400758908669
1202400792241012
1202400825573305
1202400858905597
1202400892237940
1202400925570231
1202400958902523
1202400992234867
1202401025567158
1202401058899450
1202401092231794
1202401125564085
1202401158896377
1202401192228669
1202401225561012
1202401258893304
1202401292225596
1202401325557940
1202401358890231
1202401392222523
1202401425554867
1202401458887159
1202401492219451
1202401525551794
1202401558884085
1202401592216377
1202401625548669
1202401658881012
1202401692213304
1202401725545596
1202401758877940
1202401792210231
1202401825542523
1202401858874867
1202401892207158
1202401925539450
1202401958871794
1202401992204085
1202402025536377
1202402058868669
1202402092201013
1202402125533305
1202402158865596
1202402192197940
1202402225530231
1202402258862523
1202402292194867
1202402325527158
1202402358859450
1202402392191794
1202402425524085
1202402458856377
1202402492188669
1202402525521012
1202402558853304
1202402592185596
1202402625517940
1202402658850231
1202402692182524
1202402725514867
1202402758847158
1202402792179450
1202402825511794
1202402858844085
1202402892176377
1202402925508669
1202402958841012
1202402992173304
1202403025505596
1202403058837940
1202403092170231
1202403125502523
1202403158834868
1202403192167158
1202403225499450
1202403258831794
1202403292164086
1202403325496378
1202403358828670
1202403392161012
1202403425493304
1202403458825596
1202403492157940
1202403525490231
1202403558822523
1202403592154867
1202403625487158
1202403658819450
1202403692151794
1202403725484085
1202403758816377
1202403792148669
1202403825481012
1202403858813304
1202403892145596
1202403925477940
1202403958810232
1202403992142523
1202404025474867
1202404058807158
1202404092139450
1202404125471794
1202404158804085
1202404192136377
1202404225468669
1202404258801012
1202404292133304
1202404325465596
1202404358797941
1202404392130231
1202404425462523
1202404458794867
1202404492127158
1202404525459450
1202404558791794
1202404592124085
1202404625456377
1202404658788669
1202404692121012
1202404725453304
1202404758785596
1202404792117940
1202404825450231
1202404858782523
1202404892114867
1202404925447158
1202404958779450
1202404992111795
1202405025444085
1202405058776377
1202405092108669
1202405125441012
1202405158773305
1202405192105597
1202405225437940
1202405258770231
1202405292102523
1202405325434867
1202405358767158
1202405392099450
1202405425431794
1202405458764085
1202405492096377
1202405525428669
1202405558761012
1202405592093304
1202405625425596
1202405658757940
1202405692090231
1202405725422523
1202405758754867
1202405792087159
1202405825419451
1202405858751794
1202405892084085
1202405925416377
1202405958748669
1202405992081012
1202406025413304
1202406058745596
1202406092077940
1202406125410231
1202406158742523
1202406192074868
1202406225407158
1202406258739450
1202406292071794
1202406325404085
1202406358736377
1202406392068670
1202406425401013
1202406458733304
1202406492065596
1202406525397940
1202406558730231
1202406592062523
1202406625394867
1202406658727158
1202406692059450
1202406725391794
1202406758724085
1202406792056377
1202406825388669
1202406858721012
1202406892053304
1202406925385596
1202406958717940
1202406992050232
1202407025382524
1202407058714867
1202407092047158
1202407125379450
1202407158711794
1202407192044085
1202407225376377
1202407258708669
1202407292041012
1202407325373304
1202407358705596
1202407392037940
1202407425370231
1202407458702523
1202407492034867
1202407525367158
1202407558699450
1202407592031794
1202407625364086
1202407658696378
1202407692028669
1202407725361012
1202407758693304
1202407792025596
1202407825357940
1202407858690231
1202407892022523
1202407925354867
1202407958687158
1202407992019450
1202408025351794
1202408058684085
1202408092016377
1202408125348669
1202408158681012
1202408192013304
1202408225345596
1202408258677940
1202408292010231
1202408325342523
1202408358674867
1202408392007158
1202408425339450
1202408458671794
1202408492004085
1202408525336377
1202408558668669
1202408592001012
1202408625333304
1202408658665596
1202408691997941
1202408725330231
1202408758662523
1202408791994867
1202408825327158
1202408858659451
1202408891991794
1202408925324085
1202408958656377
1202408991988669
1202409025321012
1202409058653304
1202409091985596
1202409125317940
1202409158650231
1202409191982523
1202409225314867
1202409258647158
1202409291979450
1202409325311795
1202409358644085
1202409391976377
1202409425308669
1202409458641013
1202409491973305
1202409525305597
1202409558637940
1202409591970231
1202409625302523
1202409658634867
1202409691967158
1202409725299450
1202409758631794
1202409791964085
1202409825296377
1202409858628669
1202409891961012
1202409925293304
1202409958625596
1202409991957940
1202410025290231
1202410058622523
1202410091954867
1202410125287159
1202410158619450
1202410191951794
1202410225284085
1202410258616377
1202410291948669
1202410325281012
1202410358613304
1202410391945596
1202410425277940
1202410458610231
1202410491942523
1202410525274868
1202410558607158
1202410591939450
1202410625271794
1202410658604085
1202410691936378
1202410725268670
1202410758601012
1202410791933304
1202410825265596
1202410858597940
1202410891930231
1202410925262523
1202410958594867
1202410991927158
1202411025259450
1202411058591794
1202411091924085
1202411125256377
1202411158588669
1202411191921012
1202411225253304
1202411258585596
1202411291917940
1202411325250232
1202411358582524
1202411391914867
1202411425247158
1202411458579450
1202411491911794
1202411525244085
1202411558576377
1202411591908669
1202411625241012
1202411658573304
1202411691905596
1202411725237940
1202411758570231
1202411791902523
1202411825234867
1202411858567158
1202411891899450
1202411925231794
1202411958564086
1202411991896378
1202412025228669
1202412058561012
1202412091893304
1202412125225596
1202412158557940
1202412191890231
1202412225222523
1202412258554867
1202412291887158
1202412325219450
1202412358551795
1202412391884085
1202412425216377
1202412458548669
1202412491881012
1202412525213304
1202412558545597
1202412591877940
1202412625210231
1202412658542523
1202412691874867
1202412725207158
1202412758539450
1202412791871794
1202412825204085
1202412858536377
1202412891868669
1202412925201012
1202412958533304
1202412991865596
1202413025197941
1202413058530231
1202413091862523
1202413125194867
1202413158527159
1202413191859451
1202413225191794
1202413258524085
1202413291856377
1202413325188669
1202413358521012
1202413391853304
1202413425185596
1202413458517940
1202413491850231
1202413525182523
1202413558514867
1202413591847158
1202413625179450
1202413658511794
1202413691844085
1202413725176377
1202413758508669
1202413791841013
1202413825173305
1202413858505596
1202413891837940
1202413925170231
1202413958502523
1202413991834867
1202414025167158
1202414058499450
1202414091831794
1202414125164085
1202414158496377
1202414191828669
1202414225161012
1202414258493304
1202414291825596
1202414325157940
1202414358490231
1202414391822523
1202414425154867
1202414458487158
1202414491819450
1202414525151794
1202414558484085
1202414591816377
1202414625148669
1202414658481012
1202414691813304
1202414725145596
1202414758477940
1202414791810231
1202414825142523
1202414858474868
1202414891807158
1202414925139450
1202414958471794
1202414991804085
1202415025136378
1202415058468670
1202415091801012
1202415125133304
1202415158465596
1202415191797940
1202415225130231
1202415258462523
1202415291794867
1202415325127158
1202415358459450
1202415391791794
1202415425124085
1202415458456377
1202415491788669
1202415525121012
1202415558453304
1202415591785596
1202415625117940
1202415658450232
1202415691782524
1202415725114867
1202415758447158
1202415791779450
1202415825111794
1202415858444085
1202415891776377
1202415925108669
1202415958441012
1202415991773304
1202416025105596
1202416058437941
1202416091770231
1202416125102523
1202416158434867
1202416191767158
1202416225099450
1202416258431794
1202416291764086
1202416325096377
1202416358428669
1202416391761012
1202416425093304
1202416458425596
1202416491757940
1202416525090231
1202416558422523
1202416591754867
1202416625087158
1202416658419450
1202416691751795
1202416725084085
1202416758416377
1202416791748669
1202416825081012
1202416858413305
1202416891745597
1202416925077940
1202416958410231
1202416991742523
1202417025074867
1202417058407158
1202417091739450
1202417125071794
1202417158404085
1202417191736377
1202417225068669
1202417258401012
1202417291733304
1202417325065596
1202417358397940
1202417391730231
1202417425062523
1202417458394867
1202417491727159
1202417525059451
1202417558391794
1202417591724085
1202417625056377
1202417658388669
1202417691721012
1202417725053304
1202417758385596
1202417791717940
1202417825050231
1202417858382523
1202417891714867
1202417925047158
1202417958379450
1202417991711794
1202418025044085
1202418058376377
1202418091708669
1202418125041013
1202418158373305
1202418191705596
1202418225037940
1202418258370231
1202418291702523
1202418325034867
1202418358367158
1202418391699450
1202418425031794
1202418458364085
1202418491696377
1202418525028669
1202418558361012
1202418591693304
1202418625025596
1202418658357940
1202418691690231
1202418725022524
1202418758354867
1202418791687158
1202418825019450
1202418858351794
1202418891684085
1202418925016377
1202418958348669
1202418991681012
1202419025013304
1202419058345596
1202419091677940
1202419125010231
1202419158342523
1202419191674868
1202419225007158
1202419258339450
1202419291671794
1202419325004086
1202419358336378
1202419391668670
1202419425001012
1202419458333304
1202419491665596
1202419524997940
1202419558330231
1202419591662523
1202419624994867
1202419658327158
1202419691659450
1202419724991794
1202419758324085
1202419791656377
1202419824988669
1202419858321012
1202419891653304
1202419924985596
1202419958317940
1202419991650232
1202420024982523
1202420058314867
1202420091647158
1202420124979450
1202420158311794
1202420191644085
1202420224976377
1202420258308669
1202420291641012
1202420324973304
1202420358305596
1202420391637941
1202420424970231
1202420458302523
1202420491634867
1202420524967158
1202420558299450
1202420591631794
1202420624964085
1202420658296377
1202420691628669
1202420724961012
1202420758293304
1202420791625596
1202420824957940
1202420858290231
1202420891622523
1202420924954867
1202420958287158
1202420991619450
1202421024951795
1202421058284085
1202421091616377
1202421124948669
1202421158281012
1202421191613305
1202421224945597
1202421258277940
1202421291610231
1202421324942523
1202421358274867
1202421391607158
1202421424939450
1202421458271794
1202421491604085
1202421524936377
1202421558268669
1202421591601012
1202421624933304
1202421658265596
1202421691597940
1202421724930231
1202421758262523
1202421791594867
1202421824927159
1202421858259451
1202421891591794
1202421924924085
1202421958256377
1202421991588669
1202422024921012
1202422058253304
1202422091585596
1202422124917940
1202422158250231
1202422191582523
1202422224914868
1202422258247158
1202422291579450
1202422324911794
1202422358244085
1202422391576377
1202422424908670
1202422458241013
1202422491573304
1202422524905596
1202422558237940
1202422591570231
1202422624902523
1202422658234867
1202422691567158
1202422724899450
1202422758231794
1202422791564085
1202422824896377
1202422858228669
1202422891561012
1202422924893304
1202422958225596
1202422991557940
1202423024890232
1202423058222524
1202423091554867
1202423124887158
1202423158219450
1202423191551794
1202423224884085
1202423258216377
1202423291548669
1202423324881012
1202423358213304
1202423391545596
1202423424877940
1202423458210231
1202423491542523
1202423524874867
1202423558207158
1202423591539450
1202423624871794
1202423658204086
1202423691536378
1202423724868669
1202423758201012
1202423791533304
1202423824865596
1202423858197940
1202423891530231
1202423924862523
1202423958194867
1202423991527158
1202424024859450
1202424058191795
1202424091524085
1202424124856377
1202424158188669
1202424191521012
1202424224853304
1202424258185596
1202424291517940
1202424324850231
1202424358182523
1202424391514867
1202424424847158
1202424458179450
1202424491511794
1202424524844085
1202424558176377
1202424591508669
1202424624841012
1202424658173304
1202424691505596
1202424724837941
1202424758170231
1202424791502523
1202424824834867
1202424858167158
1202424891499451
1202424924831794
1202424958164085
1202424991496377
1202425024828669
1202425058161012
1202425091493304
1202425124825596
1202425158157940
1202425191490231
1202425224822523
1202425258154867
1202425291487158
1202425324819450
1202425358151795
1202425391484085
1202425424816377
1202425458148669
1202425491481013
1202425524813305
1202425558145597
1202425591477940
1202425624810231
1202425658142523
1202425691474867
1202425724807158
1202425758139450
1202425791471794
1202425824804085
1202425858136377
1202425891468669
1202425924801012
1202425958133304
1202425991465596
1202426024797940
1202426058130231
1202426091462523
1202426124794867
1202426158127159
1202426191459450
1202426224791794
1202426258124085
1202426291456377
1202426324788669
1202426358121012
1202426391453304
1202426424785596
1202426458117940
1202426491450231
1202426524782523
1202426558114868
1202426591447158
1202426624779450
1202426658111794
1202426691444085
1202426724776378
1202426758108670
1202426791441012
1202426824773304
1202426858105596
1202426891437940
1202426924770231
1202426958102523
1202426991434867
1202427024767158
1202427058099450
1202427091431794
1202427124764085
1202427158096377
1202427191428669
1202427224761012
1202427258093304
1202427291425596
1202427324757940
1202427358090232
1202427391422524
1202427424754867
1202427458087158
1202427491419450
1202427524751794
1202427558084085
1202427591416377
1202427624748669
1202427658081012
1202427691413304
1202427724745596
1202427758077940
1202427791410231
1202427824742523
1202427858074867
1202427891407158
1202427924739450
1202427958071794
1202427991404086
1202428024736378
1202428058068669
1202428091401012
1202428124733304
1202428158065596
1202428191397940
1202428224730231
1202428258062523
1202428291394867
1202428324727158
1202428358059450
1202428391391795
1202428424724085
1202428458056377
1202428491388669
1202428524721012
1202428558053304
1202428591385597
1202428624717940
1202428658050231
1202428691382523
1202428724714867
1202428758047158
1202428791379450
1202428824711794
1202428858044085
1202428891376377
1202428924708669
1202428958041012
1202428991373304
1202429024705596
1202429058037941
1202429091370231
1202429124702523
1202429158034867
1202429191367159
1202429224699451
1202429258031794
1202429291364085
1202429324696377
1202429358028669
1202429391361012
1202429424693304
1202429458025596
1202429491357940
1202429524690231
1202429558022523
1202429591354867
1202429624687158
1202429658019450
1202429691351794
1202429724684085
1202429758016377
1202429791348669
1202429824681013
1202429858013305
1202429891345596
1202429924677940
1202429958010231
1202429991342523
1202430024674867
1202430058007158
1202430091339450
1202430124671794
1202430158004085
1202430191336377
1202430224668669
1202430258001012
1202430291333304
1202430324665596
1202430357997940
1202430391330231
1202430424662523
1202430457994867
1202430491327158
1202430524659450
1202430557991794
1202430591324085
1202430624656377
1202430657988669
1202430691321012
1202430724653304
1202430757985596
1202430791317940
1202430824650231
1202430857982523
1202430891314868
1202430924647158
1202430957979450
1202430991311794
1202431024644085
1202431057976378
1202431091308670
1202431124641012
1202431157973304
1202431191305596
1202431224637940
1202431257970231
1202431291302523
1202431324634867
1202431357967158
1202431391299450
1202431424631794
1202431457964085
1202431491296377
1202431524628669
1202431557961012
1202431591293304
1202431624625596
1202431657957940
1202431691290232
1202431724622524
1202431757954867
1202431791287158
1202431824619450
1202431857951794
1202431891284085
1202431924616377
1202431957948669
1202431991281012
1202432024613304
1202432057945596
1202432091277941
1202432124610231
1202432157942523
1202432191274867
1202432224607158
1202432257939450
1202432291271794
1202432324604086
1202432357936377
1202432391268669
1202432424601012
1202432457933304
1202432491265596
1202432524597940
1202432557930231
1202432591262523
1202432624594867
1202432657927158
1202432691259450
1202432724591795
1202432757924085
1202432791256377
1202432824588669
1202432857921012
1202432891253305
1202432924585597
1202432957917940
1202432991250231
1202433024582523
1202433057914867
1202433091247158
1202433124579450
1202433157911794
1202433191244085
1202433224576377
1202433257908669
1202433291241012
1202433324573304
1202433357905596
1202433391237940
1202433424570231
1202433457902523
1202433491234867
1202433524567159
1202433557899451
1202433591231794
1202433624564085
1202433657896377
1202433691228669
1202433724561012
1202433757893304
1202433791225596
1202433824557940
1202433857890231
1202433891222523
1202433924554867
1202433957887158
1202433991219450
1202434024551794
1202434057884085
1202434091216377
1202434124548669
1202434157881013
1202434191213305
1202434224545596
1202434257877940
1202434291210231
1202434324542523
1202434357874867
1202434391207158
1202434424539450
1202434457871794
1202434491204085
1202434524536377
1202434557868669
1202434591201012
1202434624533304
1202434657865596
1202434691197940
1202434724530231
1202434757862524
1202434791194867
1202434824527158
1202434857859450
1202434891191794
1202434924524085
1202434957856377
1202434991188669
1202435024521012
1202435057853304
1202435091185596
1202435124517940
1202435157850231
1202435191182523
1202435224514868
1202435257847158
1202435291179450
1202435324511794
1202435357844086
1202435391176378
1202435424508670
1202435457841012
1202435491173304
1202435524505596
1202435557837940
1202435591170231
1202435624502523
1202435657834867
1202435691167158
1202435724499450
1202435757831794
1202435791164085
1202435824496377
1202435857828669
1202435891161012
1202435924493304
1202435957825596
1202435991157940
1202436024490232
1202436057822523
1202436091154867
1202436124487158
1202436157819450
1202436191151794
1202436224484085
1202436257816377
1202436291148669
1202436324481012
1202436357813304
1202436391145596
1202436424477941
1202436457810231
1202436491142523
1202436524474867
1202436557807158
1202436591139451
1202436624471794
1202436657804085
1202436691136377
1202436724468669
1202436757801012
1202436791133304
1202436824465596
1202436857797940
1202436891130231
1202436924462523
1202436957794867
1202436991127158
1202437024459450
1202437057791795
1202437091124085
1202437124456377
1202437157788669
1202437191121012
1202437224453305
1202437257785597
1202437291117940
1202437324450231
1202437357782523
1202437391114867
1202437424447158
1202437457779450
1202437491111794
1202437524444085
1202437557776377
1202437591108669
1202437624441012
1202437657773304
1202437691105596
1202437724437940
1202437757770231
1202437791102523
1202437824434867
1202437857767159
1202437891099451
1202437924431794
1202437957764085
1202437991096377
1202438024428669
1202438057761012
1202438091093304
1202438124425596
1202438157757940
1202438191090231
1202438224422523
1202438257754868
1202438291087158
1202438324419450
1202438357751794
1202438391084085
1202438424416377
1202438457748670
1202438491081013
1202438524413304
1202438557745596
1202438591077940
1202438624410231
1202438657742523
1202438691074867
1202438724407158
1202438757739450
1202438791071794
1202438824404085
1202438857736377
1202438891068669
1202438924401012
1202438957733304
1202438991065596
1202439024397940
1202439057730232
1202439091062524
1202439124394867
1202439157727158
1202439191059450
1202439224391794
1202439257724085
1202439291056377
1202439324388669
1202439357721012
1202439391053304
1202439424385596
1202439457717940
1202439491050231
1202439524382523
1202439557714867
1202439591047158
1202439624379450
1202439657711794
1202439691044086
1202439724376378
1202439757708669
1202439791041012
1202439824373304
1202439857705596
1202439891037940
1202439924370231
1202439957702523
1202439991034867
1202440024367158
1202440057699450
1202440091031795
1202440124364085
1202440157696377
1202440191028669
1202440224361012
1202440257693304
1202440291025596
1202440324357940
1202440357690231
1202440391022523
1202440424354867
1202440457687158
1202440491019450
1202440524351794
1202440557684085
1202440591016377
1202440624348669
1202440657681012
1202440691013304
1202440724345596
1202440757677941
1202440791010231
1202440824342523
1202440857674867
1202440891007158
1202440924339451
1202440957671794
1202440991004085
1202441024336377
1202441057668669
1202441091001012
1202441124333304
1202441157665596
1202441190997940
1202441224330231
1202441257662523
1202441290994867
1202441324327158
1202441357659450
1202441390991795
1202441424324085
1202441457656377
1202441490988669
1202441524321013
1202441557653305
1202441590985597
1202441624317940
1202441657650231
1202441690982523
1202441724314867
1202441757647158
1202441790979450
1202441824311794
1202441857644085
1202441890976377
1202441924308669
1202441957641012
1202441990973304
1202442024305596
1202442057637940
1202442090970231
1202442124302523
1202442157634867
1202442190967159
1202442224299450
1202442257631794
1202442290964085
1202442324296377
1202442357628669
1202442390961012
1202442424293304
1202442457625596
1202442490957940
1202442524290231
1202442557622523
1202442590954868
1202442624287158
1202442657619450
1202442690951794
1202442724284085
1202442757616378
1202442790948670
1202442824281012
1202442857613304
1202442890945596
1202442924277940
1202442957610231
1202442990942523
1202443024274867
1202443057607158
1202443090939450
1202443124271794
1202443157604085
1202443190936377
1202443224268669
1202443257601012
1202443290933304
1202443324265596
1202443357597940
1202443390930232
1202443424262524
1202443457594867
1202443490927158
1202443524259450
1202443557591794
1202443590924085
1202443624256377
1202443657588669
1202443690921012
1202443724253304
1202443757585596
1202443790917940
1202443824250231
1202443857582523
1202443890914867
1202443924247158
1202443957579450
1202443990911794
1202444024244086
1202444057576378
1202444090908669
1202444124241012
1202444157573304
1202444190905596
1202444224237940
1202444257570231
1202444290902523
1202444324234867
1202444357567158
1202444390899450
1202444424231795
1202444457564085
1202444490896377
1202444524228669
1202444557561012
1202444590893304
1202444624225597
1202444657557940
1202444690890231
1202444724222523
1202444757554867
1202444790887158
1202444824219450
1202444857551794
1202444890884085
1202444924216377
1202444957548669
1202444990881012
1202445024213304
1202445057545596
1202445090877941
1202445124210231
1202445157542523
1202445190874867
1202445224207159
1202445257539451
1202445290871794
1202445324204085
1202445357536377
1202445390868669
1202445424201012
1202445457533304
1202445490865596
1202445524197940
1202445557530231
1202445590862523
1202445624194867
1202445657527158
1202445690859450
1202445724191794
1202445757524085
1202445790856377
1202445824188669
1202445857521013
1202445890853305
1202445924185596
1202445957517940
1202445990850231
1202446024182523
1202446057514867
1202446090847158
1202446124179450
1202446157511794
1202446190844085
1202446224176377
1202446257508669
1202446290841012
1202446324173304
1202446357505596
1202446390837940
1202446424170231
1202446457502523
1202446490834867
1202446524167158
1202446557499450
1202446590831794
1202446624164085
1202446657496377
1202446690828669
1202446724161012
1202446757493304
1202446790825596
1202446824157940
1202446857490231
1202446890822523
1202446924154868
1202446957487158
1202446990819450
1202447024151794
1202447057484085
1202447090816378
1202447124148670
1202447157481012
1202447190813304
1202447224145596
1202447257477940
1202447290810231
1202447324142523
1202447357474867
1202447390807158
1202447424139450
1202447457471794
1202447490804085
1202447524136377
1202447557468669
1202447590801012
1202447624133304
1202447657465596
1202447690797940
1202447724130232
1202447757462524
1202447790794867
1202447824127158
1202447857459450
1202447890791794
1202447924124085
1202447957456377
1202447990788669
1202448024121012
1202448057453304
1202448090785596
1202448124117941
1202448157450231
1202448190782523
1202448224114867
1202448257447158
1202448290779450
1202448324111794
1202448357444086
1202448390776377
1202448424108669
1202448457441012
1202448490773304
1202448524105596
1202448557437940
1202448590770231
1202448624102523
1202448657434867
1202448690767158
1202448724099450
1202448757431795
1202448790764085
1202448824096377
1202448857428669
1202448890761012
1202448924093305
1202448957425597
1202448990757940
1202449024090231
1202449057422523
1202449090754867
1202449124087158
1202449157419450
1202449190751794
1202449224084085
1202449257416377
1202449290748669
1202449324081012
1202449357413304
1202449390745596
1202449424077940
1202449457410231
1202449490742523
1202449524074867
1202449557407159
1202449590739451
1202449624071794
1202449657404085
1202449690736377
1202449724068669
1202449757401012
1202449790733304
1202449824065596
1202449857397940
1202449890730231
1202449924062523
1202449957394867
1202449990727158
1202450024059450
1202450057391794
1202450090724085
1202450124056377
1202450157388669
1202450190721013
1202450224053305
1202450257385596
1202450290717940
1202450324050231
1202450357382523
1202450390714867
1202450424047158
1202450457379450
1202450490711794
1202450524044085
1202450557376377
1202450590708669
1202450624041012
1202450657373304
1202450690705596
1202450724037940
1202450757370231
1202450790702524
1202450824034867
1202450857367158
1202450890699450
1202450924031794
1202450957364085
1202450990696377
1202451024028669
1202451057361012
1202451090693304
1202451124025596
1202451157357940
1202451190690231
1202451224022523
1202451257354868
1202451290687158
1202451324019450
1202451357351794
1202451390684086
1202451424016378
1202451457348670
1202451490681012
1202451524013304
1202451557345596
1202451590677940
1202451624010231
1202451657342523
1202451690674867
1202451724007158
1202451757339450
1202451790671794
1202451824004085
1202451857336377
1202451890668669
1202451924001012
1202451957333304
1202451990665596
1202452023997940
1202452057330232
1202452090662523
1202452123994867
1202452157327158
1202452190659450
1202452223991794
1202452257324085
1202452290656377
1202452323988669
1202452357321012
1202452390653304
1202452423985596
1202452457317941
1202452490650231
1202452523982523
1202452557314867
1202452590647158
1202452623979451
1202452657311794
1202452690644085
1202452723976377
1202452757308669
1202452790641012
1202452823973304
1202452857305596
1202452890637940
1202452923970231
1202452957302523
1202452990634867
1202453023967158
1202453057299450
1202453090631795
1202453123964085
1202453157296377
1202453190628669
1202453223961012
1202453257293305
1202453290625597
1202453323957940
1202453357290231
1202453390622523
1202453423954867
1202453457287158
1202453490619450
1202453523951794
1202453557284085
1202453590616377
1202453623948669
1202453657281012
1202453690613304
1202453723945596
1202453757277940
1202453790610231
1202453823942523
1202453857274867
1202453890607159
1202453923939451
1202453957271794
1202453990604085
1202454023936377
1202454057268669
1202454090601012
1202454123933304
1202454157265596
1202454190597940
1202454223930231
1202454257262523
1202454290594868
1202454323927158
1202454357259450
1202454390591794
1202454423924085
1202454457256377
1202454490588670
1202454523921013
1202454557253304
1202454590585596
1202454623917940
1202454657250231
1202454690582523
1202454723914867
1202454757247158
1202454790579450
1202454823911794
1202454857244085
1202454890576377
1202454923908669
1202454957241012
1202454990573304
1202455023905596
1202455057237940
1202455090570232
1202455123902524
1202455157234867
1202455190567158
1202455223899450
1202455257231794
1202455290564085
1202455323896377
1202455357228669
1202455390561012
1202455423893304
1202455457225596
1202455490557940
1202455523890231
1202455557222523
1202455590554867
1202455623887158
1202455657219450
1202455690551794
1202455723884086
1202455757216378
1202455790548669
1202455823881012
1202455857213304
1202455890545596
1202455923877940
1202455957210231
1202455990542523
1202456023874867
1202456057207158
1202456090539450
1202456123871795
1202456157204085
1202456190536377
1202456223868669
1202456257201012
1202456290533304
1202456323865596
1202456357197940
1202456390530231
1202456423862523
1202456457194867
1202456490527158
1202456523859450
1202456557191794
1202456590524085
1202456623856377
1202456657188669
1202456690521012
1202456723853304
1202456757185596
1202456790517941
1202456823850231
1202456857182523
1202456890514867
1202456923847158
1202456957179451
1202456990511794
1202457023844085
1202457057176377
1202457090508669
1202457123841012
1202457157173304
1202457190505596
1202457223837940
1202457257170231
1202457290502523
1202457323834867
1202457357167158
1202457390499450
1202457423831795
1202457457164085
1202457490496377
1202457523828669
1202457557161013
1202457590493305
1202457623825597
1202457657157940
1202457690490231
1202457723822523
1202457757154867
1202457790487158
1202457823819450
1202457857151794
1202457890484085
1202457923816377
1202457957148669
1202457990481012
1202458023813304
1202458057145596
1202458090477940
1202458123810231
1202458157142523
1202458190474867
1202458223807159
1202458257139450
1202458290471794
1202458323804085
1202458357136377
1202458390468669
1202458423801012
1202458457133304
1202458490465596
1202458523797940
1202458557130231
1202458590462523
